0.000000e+00	 -1.486771e-01
3.125000e-02	 -1.539451e-01
6.250000e-02	 -1.532976e-01
9.375000e-02	 -1.467597e-01
1.250000e-01	 -1.345823e-01
1.562500e-01	 -1.172334e-01
1.875000e-01	 -9.537942e-02
2.187500e-01	 -6.985993e-02
2.500000e-01	 -4.165543e-02
2.812500e-01	 -1.184961e-02
3.125000e-01	 1.841221e-02
3.437500e-01	 4.796707e-02
3.750000e-01	 7.567911e-02
4.062500e-01	 1.004832e-01
4.375000e-01	 1.214259e-01
4.687500e-01	 1.377022e-01
5.000000e-01	 1.486863e-01
5.312500e-01	 1.539560e-01
5.625000e-01	 1.533085e-01
5.937500e-01	 1.467690e-01
6.250000e-01	 1.345886e-01
6.562500e-01	 1.172357e-01
6.875000e-01	 9.537739e-02
7.187500e-01	 6.985389e-02
7.500000e-01	 4.164629e-02
7.812500e-01	 1.183876e-02
8.125000e-01	 -1.842311e-02
8.437500e-01	 -4.797637e-02
8.750000e-01	 -7.568539e-02
9.062500e-01	 -1.004855e-01
9.375000e-01	 -1.214239e-01
9.687500e-01	 -1.376961e-01
