    0.000000	    -0.148475
    0.031250	    -0.153736
    0.062500	    -0.153090
    0.093750	    -0.146561
    0.125000	    -0.134400
    0.156250	    -0.117074
    0.187500	    -0.095249
    0.218750	    -0.069766
    0.250000	    -0.041597
    0.281250	    -0.011834
    0.312500	     0.018388
    0.343750	     0.047903
    0.375000	     0.075577
    0.406250	     0.100347
    0.437500	     0.121262
    0.468750	     0.137517
    0.500000	     0.148485
    0.531250	     0.153747
    0.562500	     0.153100
    0.593750	     0.146571
    0.625000	     0.134407
    0.656250	     0.117076
    0.687500	     0.095248
    0.718750	     0.069760
    0.750000	     0.041589
    0.781250	     0.011822
    0.812500	    -0.018398
    0.843750	    -0.047912
    0.875000	    -0.075583
    0.906250	    -0.100349
    0.937500	    -0.121260
    0.968750	    -0.137511
