0.000000e+00	 -1.486772e-01
3.125000e-02	 -1.539451e-01
6.250000e-02	 -1.532977e-01
9.375000e-02	 -1.467597e-01
1.250000e-01	 -1.345823e-01
1.562500e-01	 -1.172334e-01
1.875000e-01	 -9.537940e-02
2.187500e-01	 -6.985990e-02
2.500000e-01	 -4.165540e-02
2.812500e-01	 -1.184957e-02
3.125000e-01	 1.841225e-02
3.437500e-01	 4.796711e-02
3.750000e-01	 7.567916e-02
4.062500e-01	 1.004833e-01
4.375000e-01	 1.214260e-01
4.687500e-01	 1.377022e-01
5.000000e-01	 1.486863e-01
5.312500e-01	 1.539560e-01
5.625000e-01	 1.533086e-01
5.937500e-01	 1.467690e-01
6.250000e-01	 1.345886e-01
6.562500e-01	 1.172357e-01
6.875000e-01	 9.537737e-02
7.187500e-01	 6.985386e-02
7.500000e-01	 4.164625e-02
7.812500e-01	 1.183872e-02
8.125000e-01	 -1.842316e-02
8.437500e-01	 -4.797642e-02
8.750000e-01	 -7.568544e-02
9.062500e-01	 -1.004856e-01
9.375000e-01	 -1.214239e-01
9.687500e-01	 -1.376962e-01
