0.000000e+00	 -2.427864e-03
1.562500e-02	 -2.392994e-03
3.125000e-02	 -2.335079e-03
4.687500e-02	 -2.254675e-03
6.250000e-02	 -2.152558e-03
7.812500e-02	 -2.029710e-03
9.375000e-02	 -1.887315e-03
1.093750e-01	 -1.726745e-03
1.250000e-01	 -1.549545e-03
1.406250e-01	 -1.357421e-03
1.562500e-01	 -1.152226e-03
1.718750e-01	 -9.359332e-04
1.875000e-01	 -7.106273e-04
2.031250e-01	 -4.784776e-04
2.187500e-01	 -2.417199e-04
2.343750e-01	 -2.634336e-06
2.500000e-01	 2.364766e-04
2.656250e-01	 4.733102e-04
2.812500e-01	 7.055855e-04
2.968750e-01	 9.310656e-04
3.125000e-01	 1.147579e-03
3.281250e-01	 1.353041e-03
3.437500e-01	 1.545472e-03
3.593750e-01	 1.723019e-03
3.750000e-01	 1.883973e-03
3.906250e-01	 2.026783e-03
4.062500e-01	 2.150074e-03
4.218750e-01	 2.252659e-03
4.375000e-01	 2.333549e-03
4.531250e-01	 2.391966e-03
4.687500e-01	 2.427347e-03
4.843750e-01	 2.439351e-03
5.000000e-01	 2.427864e-03
5.156250e-01	 2.392994e-03
5.312500e-01	 2.335079e-03
5.468750e-01	 2.254675e-03
5.625000e-01	 2.152558e-03
5.781250e-01	 2.029710e-03
5.937500e-01	 1.887315e-03
6.093750e-01	 1.726745e-03
6.250000e-01	 1.549545e-03
6.406250e-01	 1.357421e-03
6.562500e-01	 1.152226e-03
6.718750e-01	 9.359332e-04
6.875000e-01	 7.106273e-04
7.031250e-01	 4.784776e-04
7.187500e-01	 2.417199e-04
7.343750e-01	 2.634336e-06
7.500000e-01	 -2.364766e-04
7.656250e-01	 -4.733102e-04
7.812500e-01	 -7.055855e-04
7.968750e-01	 -9.310656e-04
8.125000e-01	 -1.147579e-03
8.281250e-01	 -1.353041e-03
8.437500e-01	 -1.545472e-03
8.593750e-01	 -1.723019e-03
8.750000e-01	 -1.883973e-03
8.906250e-01	 -2.026783e-03
9.062500e-01	 -2.150074e-03
9.218750e-01	 -2.252659e-03
9.375000e-01	 -2.333549e-03
9.531250e-01	 -2.391966e-03
9.687500e-01	 -2.427347e-03
9.843750e-01	 -2.439351e-03
