0.000000e+00	 -2.234096e-04
1.562500e-02	 -2.202009e-04
3.125000e-02	 -2.148716e-04
4.687500e-02	 -2.074729e-04
6.250000e-02	 -1.980762e-04
7.812500e-02	 -1.867719e-04
9.375000e-02	 -1.736688e-04
1.093750e-01	 -1.588932e-04
1.250000e-01	 -1.425874e-04
1.406250e-01	 -1.249085e-04
1.562500e-01	 -1.060265e-04
1.718750e-01	 -8.612350e-05
1.875000e-01	 -6.539107e-05
2.031250e-01	 -4.402888e-05
2.187500e-01	 -2.224266e-05
2.343750e-01	 -2.422441e-07
2.500000e-01	 2.176051e-05
2.656250e-01	 4.355370e-05
2.812500e-01	 6.492744e-05
2.968750e-01	 8.567590e-05
3.125000e-01	 1.055992e-04
3.281250e-01	 1.245056e-04
3.437500e-01	 1.422129e-04
3.593750e-01	 1.585507e-04
3.750000e-01	 1.733615e-04
3.906250e-01	 1.865027e-04
4.062500e-01	 1.978478e-04
4.218750e-01	 2.072875e-04
4.375000e-01	 2.147310e-04
4.531250e-01	 2.201064e-04
4.687500e-01	 2.233621e-04
4.843750e-01	 2.244667e-04
5.000000e-01	 2.234096e-04
5.156250e-01	 2.202009e-04
5.312500e-01	 2.148716e-04
5.468750e-01	 2.074729e-04
5.625000e-01	 1.980762e-04
5.781250e-01	 1.867719e-04
5.937500e-01	 1.736688e-04
6.093750e-01	 1.588932e-04
6.250000e-01	 1.425874e-04
6.406250e-01	 1.249085e-04
6.562500e-01	 1.060265e-04
6.718750e-01	 8.612350e-05
6.875000e-01	 6.539107e-05
7.031250e-01	 4.402888e-05
7.187500e-01	 2.224266e-05
7.343750e-01	 2.422441e-07
7.500000e-01	 -2.176051e-05
7.656250e-01	 -4.355370e-05
7.812500e-01	 -6.492744e-05
7.968750e-01	 -8.567590e-05
8.125000e-01	 -1.055992e-04
8.281250e-01	 -1.245056e-04
8.437500e-01	 -1.422129e-04
8.593750e-01	 -1.585507e-04
8.750000e-01	 -1.733615e-04
8.906250e-01	 -1.865027e-04
9.062500e-01	 -1.978478e-04
9.218750e-01	 -2.072875e-04
9.375000e-01	 -2.147310e-04
9.531250e-01	 -2.201064e-04
9.687500e-01	 -2.233621e-04
9.843750e-01	 -2.244667e-04
