0.000000e+00	 2.537110e-03
1.562500e-02	 2.500672e-03
3.125000e-02	 2.440150e-03
4.687500e-02	 2.356128e-03
6.250000e-02	 2.249416e-03
7.812500e-02	 2.121041e-03
9.375000e-02	 1.972238e-03
1.093750e-01	 1.804442e-03
1.250000e-01	 1.619268e-03
1.406250e-01	 1.418500e-03
1.562500e-01	 1.204071e-03
1.718750e-01	 9.780461e-04
1.875000e-01	 7.426019e-04
2.031250e-01	 5.000061e-04
2.187500e-01	 2.525950e-04
2.343750e-01	 2.751238e-06
2.500000e-01	 -2.471190e-04
2.656250e-01	 -4.946094e-04
2.812500e-01	 -7.373364e-04
2.968750e-01	 -9.729625e-04
3.125000e-01	 -1.199218e-03
3.281250e-01	 -1.413925e-03
3.437500e-01	 -1.615015e-03
3.593750e-01	 -1.800551e-03
3.750000e-01	 -1.968748e-03
3.906250e-01	 -2.117984e-03
4.062500e-01	 -2.246822e-03
4.218750e-01	 -2.354023e-03
4.375000e-01	 -2.438553e-03
4.531250e-01	 -2.499598e-03
4.687500e-01	 -2.536571e-03
4.843750e-01	 -2.549115e-03
5.000000e-01	 -2.537110e-03
5.156250e-01	 -2.500672e-03
5.312500e-01	 -2.440150e-03
5.468750e-01	 -2.356128e-03
5.625000e-01	 -2.249416e-03
5.781250e-01	 -2.121041e-03
5.937500e-01	 -1.972238e-03
6.093750e-01	 -1.804442e-03
6.250000e-01	 -1.619268e-03
6.406250e-01	 -1.418500e-03
6.562500e-01	 -1.204071e-03
6.718750e-01	 -9.780461e-04
6.875000e-01	 -7.426019e-04
7.031250e-01	 -5.000061e-04
7.187500e-01	 -2.525950e-04
7.343750e-01	 -2.751238e-06
7.500000e-01	 2.471190e-04
7.656250e-01	 4.946094e-04
7.812500e-01	 7.373364e-04
7.968750e-01	 9.729625e-04
8.125000e-01	 1.199218e-03
8.281250e-01	 1.413925e-03
8.437500e-01	 1.615015e-03
8.593750e-01	 1.800551e-03
8.750000e-01	 1.968748e-03
8.906250e-01	 2.117984e-03
9.062500e-01	 2.246822e-03
9.218750e-01	 2.354023e-03
9.375000e-01	 2.438553e-03
9.531250e-01	 2.499598e-03
9.687500e-01	 2.536571e-03
9.843750e-01	 2.549115e-03
