0.000000e+00	 -1.673698e-03
1.562500e-02	 -1.649660e-03
3.125000e-02	 -1.609735e-03
4.687500e-02	 -1.554307e-03
6.250000e-02	 -1.483911e-03
7.812500e-02	 -1.399223e-03
9.375000e-02	 -1.301060e-03
1.093750e-01	 -1.190367e-03
1.250000e-01	 -1.068211e-03
1.406250e-01	 -9.357666e-04
1.562500e-01	 -7.943106e-04
1.718750e-01	 -6.452049e-04
1.875000e-01	 -4.898855e-04
2.031250e-01	 -3.298483e-04
2.187500e-01	 -1.666344e-04
2.343750e-01	 -1.815798e-06
2.500000e-01	 1.630203e-04
2.656250e-01	 3.262865e-04
2.812500e-01	 4.864103e-04
2.968750e-01	 6.418497e-04
3.125000e-01	 7.911078e-04
3.281250e-01	 9.327471e-04
3.437500e-01	 1.065403e-03
3.593750e-01	 1.187799e-03
3.750000e-01	 1.298756e-03
3.906250e-01	 1.397205e-03
4.062500e-01	 1.482199e-03
4.218750e-01	 1.552917e-03
4.375000e-01	 1.608681e-03
4.531250e-01	 1.648952e-03
4.687500e-01	 1.673342e-03
4.843750e-01	 1.681618e-03
5.000000e-01	 1.673698e-03
5.156250e-01	 1.649660e-03
5.312500e-01	 1.609735e-03
5.468750e-01	 1.554307e-03
5.625000e-01	 1.483911e-03
5.781250e-01	 1.399223e-03
5.937500e-01	 1.301060e-03
6.093750e-01	 1.190367e-03
6.250000e-01	 1.068211e-03
6.406250e-01	 9.357666e-04
6.562500e-01	 7.943106e-04
6.718750e-01	 6.452049e-04
6.875000e-01	 4.898855e-04
7.031250e-01	 3.298483e-04
7.187500e-01	 1.666344e-04
7.343750e-01	 1.815798e-06
7.500000e-01	 -1.630203e-04
7.656250e-01	 -3.262865e-04
7.812500e-01	 -4.864103e-04
7.968750e-01	 -6.418497e-04
8.125000e-01	 -7.911078e-04
8.281250e-01	 -9.327471e-04
8.437500e-01	 -1.065403e-03
8.593750e-01	 -1.187799e-03
8.750000e-01	 -1.298756e-03
8.906250e-01	 -1.397205e-03
9.062500e-01	 -1.482199e-03
9.218750e-01	 -1.552917e-03
9.375000e-01	 -1.608681e-03
9.531250e-01	 -1.648952e-03
9.687500e-01	 -1.673342e-03
9.843750e-01	 -1.681618e-03
