0.000000e+00	 -2.165230e-03
1.562500e-02	 -2.134132e-03
3.125000e-02	 -2.082482e-03
4.687500e-02	 -2.010776e-03
6.250000e-02	 -1.919705e-03
7.812500e-02	 -1.810146e-03
9.375000e-02	 -1.683155e-03
1.093750e-01	 -1.539954e-03
1.250000e-01	 -1.381922e-03
1.406250e-01	 -1.210582e-03
1.562500e-01	 -1.027583e-03
1.718750e-01	 -8.346879e-04
1.875000e-01	 -6.337543e-04
2.031250e-01	 -4.267174e-04
2.187500e-01	 -2.155709e-04
2.343750e-01	 -2.348302e-06
2.500000e-01	 2.108969e-04
2.656250e-01	 4.221110e-04
2.812500e-01	 6.292600e-04
2.968750e-01	 8.303488e-04
3.125000e-01	 1.023441e-03
3.281250e-01	 1.206677e-03
3.437500e-01	 1.378292e-03
3.593750e-01	 1.536633e-03
3.750000e-01	 1.680175e-03
3.906250e-01	 1.807537e-03
4.062500e-01	 1.917491e-03
4.218750e-01	 2.008978e-03
4.375000e-01	 2.081118e-03
4.531250e-01	 2.133216e-03
4.687500e-01	 2.164770e-03
4.843750e-01	 2.175475e-03
5.000000e-01	 2.165230e-03
5.156250e-01	 2.134132e-03
5.312500e-01	 2.082482e-03
5.468750e-01	 2.010776e-03
5.625000e-01	 1.919705e-03
5.781250e-01	 1.810146e-03
5.937500e-01	 1.683155e-03
6.093750e-01	 1.539954e-03
6.250000e-01	 1.381922e-03
6.406250e-01	 1.210582e-03
6.562500e-01	 1.027583e-03
6.718750e-01	 8.346879e-04
6.875000e-01	 6.337543e-04
7.031250e-01	 4.267174e-04
7.187500e-01	 2.155709e-04
7.343750e-01	 2.348302e-06
7.500000e-01	 -2.108969e-04
7.656250e-01	 -4.221110e-04
7.812500e-01	 -6.292600e-04
7.968750e-01	 -8.303488e-04
8.125000e-01	 -1.023441e-03
8.281250e-01	 -1.206677e-03
8.437500e-01	 -1.378292e-03
8.593750e-01	 -1.536633e-03
8.750000e-01	 -1.680175e-03
8.906250e-01	 -1.807537e-03
9.062500e-01	 -1.917491e-03
9.218750e-01	 -2.008978e-03
9.375000e-01	 -2.081118e-03
9.531250e-01	 -2.133216e-03
9.687500e-01	 -2.164770e-03
9.843750e-01	 -2.175475e-03
