0.000000e+00	 1.487797e-03
1.562500e-02	 1.466429e-03
3.125000e-02	 1.430938e-03
4.687500e-02	 1.381667e-03
6.250000e-02	 1.319089e-03
7.812500e-02	 1.243808e-03
9.375000e-02	 1.156548e-03
1.093750e-01	 1.058151e-03
1.250000e-01	 9.495622e-04
1.406250e-01	 8.318290e-04
1.562500e-01	 7.060848e-04
1.718750e-01	 5.735406e-04
1.875000e-01	 4.354730e-04
2.031250e-01	 2.932115e-04
2.187500e-01	 1.481262e-04
2.343750e-01	 1.614336e-06
2.500000e-01	 -1.449130e-04
2.656250e-01	 -2.900448e-04
2.812500e-01	 -4.323833e-04
2.968750e-01	 -5.705577e-04
3.125000e-01	 -7.032374e-04
3.281250e-01	 -8.291444e-04
3.437500e-01	 -9.470664e-04
3.593750e-01	 -1.055868e-03
3.750000e-01	 -1.154500e-03
3.906250e-01	 -1.242014e-03
4.062500e-01	 -1.317567e-03
4.218750e-01	 -1.380431e-03
4.375000e-01	 -1.430001e-03
4.531250e-01	 -1.465799e-03
4.687500e-01	 -1.487480e-03
4.843750e-01	 -1.494837e-03
5.000000e-01	 -1.487797e-03
5.156250e-01	 -1.466429e-03
5.312500e-01	 -1.430938e-03
5.468750e-01	 -1.381667e-03
5.625000e-01	 -1.319089e-03
5.781250e-01	 -1.243808e-03
5.937500e-01	 -1.156548e-03
6.093750e-01	 -1.058151e-03
6.250000e-01	 -9.495622e-04
6.406250e-01	 -8.318290e-04
6.562500e-01	 -7.060848e-04
6.718750e-01	 -5.735406e-04
6.875000e-01	 -4.354730e-04
7.031250e-01	 -2.932115e-04
7.187500e-01	 -1.481262e-04
7.343750e-01	 -1.614336e-06
7.500000e-01	 1.449130e-04
7.656250e-01	 2.900448e-04
7.812500e-01	 4.323833e-04
7.968750e-01	 5.705577e-04
8.125000e-01	 7.032374e-04
8.281250e-01	 8.291444e-04
8.437500e-01	 9.470664e-04
8.593750e-01	 1.055868e-03
8.750000e-01	 1.154500e-03
8.906250e-01	 1.242014e-03
9.062500e-01	 1.317567e-03
9.218750e-01	 1.380431e-03
9.375000e-01	 1.430001e-03
9.531250e-01	 1.465799e-03
9.687500e-01	 1.487480e-03
9.843750e-01	 1.494837e-03
