0.000000e+00	 -2.847466e-03
1.562500e-02	 -2.806569e-03
3.125000e-02	 -2.738645e-03
4.687500e-02	 -2.644345e-03
6.250000e-02	 -2.524579e-03
7.812500e-02	 -2.380500e-03
9.375000e-02	 -2.213495e-03
1.093750e-01	 -2.025173e-03
1.250000e-01	 -1.817348e-03
1.406250e-01	 -1.592020e-03
1.562500e-01	 -1.351361e-03
1.718750e-01	 -1.097687e-03
1.875000e-01	 -8.334421e-04
2.031250e-01	 -5.611705e-04
2.187500e-01	 -2.834945e-04
2.343750e-01	 -3.088334e-06
2.500000e-01	 2.773476e-04
2.656250e-01	 5.551125e-04
2.812500e-01	 8.275314e-04
2.968750e-01	 1.091981e-03
3.125000e-01	 1.345914e-03
3.281250e-01	 1.586885e-03
3.437500e-01	 1.812573e-03
3.593750e-01	 2.020806e-03
3.750000e-01	 2.209577e-03
3.906250e-01	 2.377068e-03
4.062500e-01	 2.521667e-03
4.218750e-01	 2.641981e-03
4.375000e-01	 2.736852e-03
4.531250e-01	 2.805364e-03
4.687500e-01	 2.846860e-03
4.843750e-01	 2.860939e-03
5.000000e-01	 2.847466e-03
5.156250e-01	 2.806569e-03
5.312500e-01	 2.738645e-03
5.468750e-01	 2.644345e-03
5.625000e-01	 2.524579e-03
5.781250e-01	 2.380500e-03
5.937500e-01	 2.213495e-03
6.093750e-01	 2.025173e-03
6.250000e-01	 1.817348e-03
6.406250e-01	 1.592020e-03
6.562500e-01	 1.351361e-03
6.718750e-01	 1.097687e-03
6.875000e-01	 8.334421e-04
7.031250e-01	 5.611705e-04
7.187500e-01	 2.834945e-04
7.343750e-01	 3.088334e-06
7.500000e-01	 -2.773476e-04
7.656250e-01	 -5.551125e-04
7.812500e-01	 -8.275314e-04
7.968750e-01	 -1.091981e-03
8.125000e-01	 -1.345914e-03
8.281250e-01	 -1.586885e-03
8.437500e-01	 -1.812573e-03
8.593750e-01	 -2.020806e-03
8.750000e-01	 -2.209577e-03
8.906250e-01	 -2.377068e-03
9.062500e-01	 -2.521667e-03
9.218750e-01	 -2.641981e-03
9.375000e-01	 -2.736852e-03
9.531250e-01	 -2.805364e-03
9.687500e-01	 -2.846860e-03
9.843750e-01	 -2.860939e-03
