0.000000e+00	 -6.647278e-04
1.562500e-02	 -6.551808e-04
3.125000e-02	 -6.393240e-04
4.687500e-02	 -6.173102e-04
6.250000e-02	 -5.893513e-04
7.812500e-02	 -5.557167e-04
9.375000e-02	 -5.167302e-04
1.093750e-01	 -4.727674e-04
1.250000e-01	 -4.242515e-04
1.406250e-01	 -3.716498e-04
1.562500e-01	 -3.154690e-04
1.718750e-01	 -2.562500e-04
1.875000e-01	 -1.945632e-04
2.031250e-01	 -1.310026e-04
2.187500e-01	 -6.618044e-05
2.343750e-01	 -7.209001e-07
2.500000e-01	 6.474558e-05
2.656250e-01	 1.295885e-04
2.812500e-01	 1.931835e-04
2.968750e-01	 2.549180e-04
3.125000e-01	 3.141974e-04
3.281250e-01	 3.704510e-04
3.437500e-01	 4.231370e-04
3.593750e-01	 4.717479e-04
3.750000e-01	 5.158156e-04
3.906250e-01	 5.549157e-04
4.062500e-01	 5.886717e-04
4.218750e-01	 6.167584e-04
4.375000e-01	 6.389055e-04
4.531250e-01	 6.548995e-04
4.687500e-01	 6.645865e-04
4.843750e-01	 6.678731e-04
5.000000e-01	 6.647278e-04
5.156250e-01	 6.551808e-04
5.312500e-01	 6.393240e-04
5.468750e-01	 6.173102e-04
5.625000e-01	 5.893513e-04
5.781250e-01	 5.557167e-04
5.937500e-01	 5.167302e-04
6.093750e-01	 4.727674e-04
6.250000e-01	 4.242515e-04
6.406250e-01	 3.716498e-04
6.562500e-01	 3.154690e-04
6.718750e-01	 2.562500e-04
6.875000e-01	 1.945632e-04
7.031250e-01	 1.310026e-04
7.187500e-01	 6.618044e-05
7.343750e-01	 7.209001e-07
7.500000e-01	 -6.474558e-05
7.656250e-01	 -1.295885e-04
7.812500e-01	 -1.931835e-04
7.968750e-01	 -2.549180e-04
8.125000e-01	 -3.141974e-04
8.281250e-01	 -3.704510e-04
8.437500e-01	 -4.231370e-04
8.593750e-01	 -4.717479e-04
8.750000e-01	 -5.158156e-04
8.906250e-01	 -5.549157e-04
9.062500e-01	 -5.886717e-04
9.218750e-01	 -6.167584e-04
9.375000e-01	 -6.389055e-04
9.531250e-01	 -6.548995e-04
9.687500e-01	 -6.645865e-04
9.843750e-01	 -6.678731e-04
