0.000000e+00	 1.089678e-03
1.562500e-02	 1.074028e-03
3.125000e-02	 1.048034e-03
4.687500e-02	 1.011947e-03
6.250000e-02	 9.661144e-04
7.812500e-02	 9.109776e-04
9.375000e-02	 8.470677e-04
1.093750e-01	 7.750000e-04
1.250000e-01	 6.954686e-04
1.406250e-01	 6.092395e-04
1.562500e-01	 5.171431e-04
1.718750e-01	 4.200664e-04
1.875000e-01	 3.189441e-04
2.031250e-01	 2.147503e-04
2.187500e-01	 1.084883e-04
2.343750e-01	 1.181449e-06
2.500000e-01	 -1.061367e-04
2.656250e-01	 -2.124328e-04
2.812500e-01	 -3.166830e-04
2.968750e-01	 -4.178833e-04
3.125000e-01	 -5.150592e-04
3.281250e-01	 -6.072749e-04
3.437500e-01	 -6.936421e-04
3.593750e-01	 -7.733292e-04
3.750000e-01	 -8.455687e-04
3.906250e-01	 -9.096649e-04
4.062500e-01	 -9.650005e-04
4.218750e-01	 -1.011043e-03
4.375000e-01	 -1.047348e-03
4.531250e-01	 -1.073567e-03
4.687500e-01	 -1.089446e-03
4.843750e-01	 -1.094834e-03
5.000000e-01	 -1.089678e-03
5.156250e-01	 -1.074028e-03
5.312500e-01	 -1.048034e-03
5.468750e-01	 -1.011947e-03
5.625000e-01	 -9.661144e-04
5.781250e-01	 -9.109776e-04
5.937500e-01	 -8.470677e-04
6.093750e-01	 -7.750000e-04
6.250000e-01	 -6.954686e-04
6.406250e-01	 -6.092395e-04
6.562500e-01	 -5.171431e-04
6.718750e-01	 -4.200664e-04
6.875000e-01	 -3.189441e-04
7.031250e-01	 -2.147503e-04
7.187500e-01	 -1.084883e-04
7.343750e-01	 -1.181449e-06
7.500000e-01	 1.061367e-04
7.656250e-01	 2.124328e-04
7.812500e-01	 3.166830e-04
7.968750e-01	 4.178833e-04
8.125000e-01	 5.150592e-04
8.281250e-01	 6.072749e-04
8.437500e-01	 6.936421e-04
8.593750e-01	 7.733292e-04
8.750000e-01	 8.455687e-04
8.906250e-01	 9.096649e-04
9.062500e-01	 9.650005e-04
9.218750e-01	 1.011043e-03
9.375000e-01	 1.047348e-03
9.531250e-01	 1.073567e-03
9.687500e-01	 1.089446e-03
9.843750e-01	 1.094834e-03
