0.000000e+00	 -2.812409e-03
1.562500e-02	 -2.772016e-03
3.125000e-02	 -2.704927e-03
4.687500e-02	 -2.611788e-03
6.250000e-02	 -2.493497e-03
7.812500e-02	 -2.351191e-03
9.375000e-02	 -2.186243e-03
1.093750e-01	 -2.000239e-03
1.250000e-01	 -1.794973e-03
1.406250e-01	 -1.572419e-03
1.562500e-01	 -1.334723e-03
1.718750e-01	 -1.084172e-03
1.875000e-01	 -8.231803e-04
2.031250e-01	 -5.542607e-04
2.187500e-01	 -2.800034e-04
2.343750e-01	 -3.049422e-06
2.500000e-01	 2.739339e-04
2.656250e-01	 5.482791e-04
2.812500e-01	 8.173440e-04
2.968750e-01	 1.078538e-03
3.125000e-01	 1.329344e-03
3.281250e-01	 1.567348e-03
3.437500e-01	 1.790258e-03
3.593750e-01	 1.995927e-03
3.750000e-01	 2.182374e-03
3.906250e-01	 2.347803e-03
4.062500e-01	 2.490622e-03
4.218750e-01	 2.609455e-03
4.375000e-01	 2.703157e-03
4.531250e-01	 2.770826e-03
4.687500e-01	 2.811811e-03
4.843750e-01	 2.825716e-03
5.000000e-01	 2.812409e-03
5.156250e-01	 2.772016e-03
5.312500e-01	 2.704927e-03
5.468750e-01	 2.611788e-03
5.625000e-01	 2.493497e-03
5.781250e-01	 2.351191e-03
5.937500e-01	 2.186243e-03
6.093750e-01	 2.000239e-03
6.250000e-01	 1.794973e-03
6.406250e-01	 1.572419e-03
6.562500e-01	 1.334723e-03
6.718750e-01	 1.084172e-03
6.875000e-01	 8.231803e-04
7.031250e-01	 5.542607e-04
7.187500e-01	 2.800034e-04
7.343750e-01	 3.049422e-06
7.500000e-01	 -2.739339e-04
7.656250e-01	 -5.482791e-04
7.812500e-01	 -8.173440e-04
7.968750e-01	 -1.078538e-03
8.125000e-01	 -1.329344e-03
8.281250e-01	 -1.567348e-03
8.437500e-01	 -1.790258e-03
8.593750e-01	 -1.995927e-03
8.750000e-01	 -2.182374e-03
8.906250e-01	 -2.347803e-03
9.062500e-01	 -2.490622e-03
9.218750e-01	 -2.609455e-03
9.375000e-01	 -2.703157e-03
9.531250e-01	 -2.770826e-03
9.687500e-01	 -2.811811e-03
9.843750e-01	 -2.825716e-03
