0.000000e+00	 -2.013462e-03
1.562500e-02	 -1.984544e-03
3.125000e-02	 -1.936514e-03
4.687500e-02	 -1.869834e-03
6.250000e-02	 -1.785147e-03
7.812500e-02	 -1.683268e-03
9.375000e-02	 -1.565178e-03
1.093750e-01	 -1.432014e-03
1.250000e-01	 -1.285059e-03
1.406250e-01	 -1.125729e-03
1.562500e-01	 -9.555570e-04
1.718750e-01	 -7.761826e-04
1.875000e-01	 -5.893331e-04
2.031250e-01	 -3.968080e-04
2.187500e-01	 -2.004614e-04
2.343750e-01	 -2.184292e-06
2.500000e-01	 1.961139e-04
2.656250e-01	 3.925233e-04
2.812500e-01	 5.851526e-04
2.968750e-01	 7.721465e-04
3.125000e-01	 9.517042e-04
3.281250e-01	 1.122097e-03
3.437500e-01	 1.281682e-03
3.593750e-01	 1.428925e-03
3.750000e-01	 1.562406e-03
3.906250e-01	 1.680841e-03
4.062500e-01	 1.783088e-03
4.218750e-01	 1.868163e-03
4.375000e-01	 1.935246e-03
4.531250e-01	 1.983692e-03
4.687500e-01	 2.013034e-03
4.843750e-01	 2.022989e-03
5.000000e-01	 2.013462e-03
5.156250e-01	 1.984544e-03
5.312500e-01	 1.936514e-03
5.468750e-01	 1.869834e-03
5.625000e-01	 1.785147e-03
5.781250e-01	 1.683268e-03
5.937500e-01	 1.565178e-03
6.093750e-01	 1.432014e-03
6.250000e-01	 1.285059e-03
6.406250e-01	 1.125729e-03
6.562500e-01	 9.555570e-04
6.718750e-01	 7.761826e-04
6.875000e-01	 5.893331e-04
7.031250e-01	 3.968080e-04
7.187500e-01	 2.004614e-04
7.343750e-01	 2.184292e-06
7.500000e-01	 -1.961139e-04
7.656250e-01	 -3.925233e-04
7.812500e-01	 -5.851526e-04
7.968750e-01	 -7.721465e-04
8.125000e-01	 -9.517042e-04
8.281250e-01	 -1.122097e-03
8.437500e-01	 -1.281682e-03
8.593750e-01	 -1.428925e-03
8.750000e-01	 -1.562406e-03
8.906250e-01	 -1.680841e-03
9.062500e-01	 -1.783088e-03
9.218750e-01	 -1.868163e-03
9.375000e-01	 -1.935246e-03
9.531250e-01	 -1.983692e-03
9.687500e-01	 -2.013034e-03
9.843750e-01	 -2.022989e-03
