0.000000e+00	 -1.292722e-03
1.562500e-02	 -1.274156e-03
3.125000e-02	 -1.243319e-03
4.687500e-02	 -1.200507e-03
6.250000e-02	 -1.146135e-03
7.812500e-02	 -1.080724e-03
9.375000e-02	 -1.004906e-03
1.093750e-01	 -9.194093e-04
1.250000e-01	 -8.250586e-04
1.406250e-01	 -7.227620e-04
1.562500e-01	 -6.135049e-04
1.718750e-01	 -4.983394e-04
1.875000e-01	 -3.783746e-04
2.031250e-01	 -2.547659e-04
2.187500e-01	 -1.287036e-04
2.343750e-01	 -1.401840e-06
2.500000e-01	 1.259134e-04
2.656250e-01	 2.520161e-04
2.812500e-01	 3.756917e-04
2.968750e-01	 4.957491e-04
3.125000e-01	 6.110323e-04
3.281250e-01	 7.204309e-04
3.437500e-01	 8.228913e-04
3.593750e-01	 9.174268e-04
3.750000e-01	 1.003127e-03
3.906250e-01	 1.079167e-03
4.062500e-01	 1.144813e-03
4.218750e-01	 1.199435e-03
4.375000e-01	 1.242505e-03
4.531250e-01	 1.273609e-03
4.687500e-01	 1.292448e-03
4.843750e-01	 1.298839e-03
5.000000e-01	 1.292722e-03
5.156250e-01	 1.274156e-03
5.312500e-01	 1.243319e-03
5.468750e-01	 1.200507e-03
5.625000e-01	 1.146135e-03
5.781250e-01	 1.080724e-03
5.937500e-01	 1.004906e-03
6.093750e-01	 9.194093e-04
6.250000e-01	 8.250586e-04
6.406250e-01	 7.227620e-04
6.562500e-01	 6.135049e-04
6.718750e-01	 4.983394e-04
6.875000e-01	 3.783746e-04
7.031250e-01	 2.547659e-04
7.187500e-01	 1.287036e-04
7.343750e-01	 1.401840e-06
7.500000e-01	 -1.259134e-04
7.656250e-01	 -2.520161e-04
7.812500e-01	 -3.756917e-04
7.968750e-01	 -4.957491e-04
8.125000e-01	 -6.110323e-04
8.281250e-01	 -7.204309e-04
8.437500e-01	 -8.228913e-04
8.593750e-01	 -9.174268e-04
8.750000e-01	 -1.003127e-03
8.906250e-01	 -1.079167e-03
9.062500e-01	 -1.144813e-03
9.218750e-01	 -1.199435e-03
9.375000e-01	 -1.242505e-03
9.531250e-01	 -1.273609e-03
9.687500e-01	 -1.292448e-03
9.843750e-01	 -1.298839e-03
