0.000000e+00	 -1.849281e-03
1.562500e-02	 -1.822721e-03
3.125000e-02	 -1.778607e-03
4.687500e-02	 -1.717365e-03
6.250000e-02	 -1.639583e-03
7.812500e-02	 -1.546011e-03
9.375000e-02	 -1.437550e-03
1.093750e-01	 -1.315245e-03
1.250000e-01	 -1.180273e-03
1.406250e-01	 -1.033934e-03
1.562500e-01	 -8.776387e-04
1.718750e-01	 -7.128908e-04
1.875000e-01	 -5.412773e-04
2.031250e-01	 -3.644510e-04
2.187500e-01	 -1.841149e-04
2.343750e-01	 -2.005644e-06
2.500000e-01	 1.801229e-04
2.656250e-01	 3.605168e-04
2.812500e-01	 5.374387e-04
2.968750e-01	 7.091848e-04
3.125000e-01	 8.741010e-04
3.281250e-01	 1.030599e-03
3.437500e-01	 1.177172e-03
3.593750e-01	 1.312408e-03
3.750000e-01	 1.435005e-03
3.906250e-01	 1.543782e-03
4.062500e-01	 1.637692e-03
4.218750e-01	 1.715830e-03
4.375000e-01	 1.777443e-03
4.531250e-01	 1.821938e-03
4.687500e-01	 1.848888e-03
4.843750e-01	 1.858031e-03
5.000000e-01	 1.849281e-03
5.156250e-01	 1.822721e-03
5.312500e-01	 1.778607e-03
5.468750e-01	 1.717365e-03
5.625000e-01	 1.639583e-03
5.781250e-01	 1.546011e-03
5.937500e-01	 1.437550e-03
6.093750e-01	 1.315245e-03
6.250000e-01	 1.180273e-03
6.406250e-01	 1.033934e-03
6.562500e-01	 8.776387e-04
6.718750e-01	 7.128908e-04
6.875000e-01	 5.412773e-04
7.031250e-01	 3.644510e-04
7.187500e-01	 1.841149e-04
7.343750e-01	 2.005644e-06
7.500000e-01	 -1.801229e-04
7.656250e-01	 -3.605168e-04
7.812500e-01	 -5.374387e-04
7.968750e-01	 -7.091848e-04
8.125000e-01	 -8.741010e-04
8.281250e-01	 -1.030599e-03
8.437500e-01	 -1.177172e-03
8.593750e-01	 -1.312408e-03
8.750000e-01	 -1.435005e-03
8.906250e-01	 -1.543782e-03
9.062500e-01	 -1.637692e-03
9.218750e-01	 -1.715830e-03
9.375000e-01	 -1.777443e-03
9.531250e-01	 -1.821938e-03
9.687500e-01	 -1.848888e-03
9.843750e-01	 -1.858031e-03
