0.000000e+00	 4.454419e-04
1.562500e-02	 4.390443e-04
3.125000e-02	 4.284185e-04
4.687500e-02	 4.136668e-04
6.250000e-02	 3.949312e-04
7.812500e-02	 3.723923e-04
9.375000e-02	 3.462669e-04
1.093750e-01	 3.168069e-04
1.250000e-01	 2.842958e-04
1.406250e-01	 2.490468e-04
1.562500e-01	 2.113994e-04
1.718750e-01	 1.717161e-04
1.875000e-01	 1.303790e-04
2.031250e-01	 8.778631e-05
2.187500e-01	 4.434820e-05
2.343750e-01	 4.829892e-07
2.500000e-01	 -4.338687e-05
2.656250e-01	 -8.683889e-05
2.812500e-01	 -1.294546e-04
2.968750e-01	 -1.708236e-04
3.125000e-01	 -2.105475e-04
3.281250e-01	 -2.482437e-04
3.437500e-01	 -2.835491e-04
3.593750e-01	 -3.161239e-04
3.750000e-01	 -3.456541e-04
3.906250e-01	 -3.718556e-04
4.062500e-01	 -3.944759e-04
4.218750e-01	 -4.132971e-04
4.375000e-01	 -4.281381e-04
4.531250e-01	 -4.388559e-04
4.687500e-01	 -4.453472e-04
4.843750e-01	 -4.475496e-04
5.000000e-01	 -4.454419e-04
5.156250e-01	 -4.390443e-04
5.312500e-01	 -4.284185e-04
5.468750e-01	 -4.136668e-04
5.625000e-01	 -3.949312e-04
5.781250e-01	 -3.723923e-04
5.937500e-01	 -3.462669e-04
6.093750e-01	 -3.168069e-04
6.250000e-01	 -2.842958e-04
6.406250e-01	 -2.490468e-04
6.562500e-01	 -2.113994e-04
6.718750e-01	 -1.717161e-04
6.875000e-01	 -1.303790e-04
7.031250e-01	 -8.778631e-05
7.187500e-01	 -4.434820e-05
7.343750e-01	 -4.829892e-07
7.500000e-01	 4.338687e-05
7.656250e-01	 8.683889e-05
7.812500e-01	 1.294546e-04
7.968750e-01	 1.708236e-04
8.125000e-01	 2.105475e-04
8.281250e-01	 2.482437e-04
8.437500e-01	 2.835491e-04
8.593750e-01	 3.161239e-04
8.750000e-01	 3.456541e-04
8.906250e-01	 3.718556e-04
9.062500e-01	 3.944759e-04
9.218750e-01	 4.132971e-04
9.375000e-01	 4.281381e-04
9.531250e-01	 4.388559e-04
9.687500e-01	 4.453472e-04
9.843750e-01	 4.475496e-04
