0.000000e+00	 -2.630715e-03
1.562500e-02	 -2.592932e-03
3.125000e-02	 -2.530177e-03
4.687500e-02	 -2.443056e-03
6.250000e-02	 -2.332406e-03
7.812500e-02	 -2.199295e-03
9.375000e-02	 -2.045002e-03
1.093750e-01	 -1.871015e-03
1.250000e-01	 -1.679010e-03
1.406250e-01	 -1.470834e-03
1.562500e-01	 -1.248494e-03
1.718750e-01	 -1.014130e-03
1.875000e-01	 -7.699992e-04
2.031250e-01	 -5.184530e-04
2.187500e-01	 -2.619138e-04
2.343750e-01	 -2.852235e-06
2.500000e-01	 2.562368e-04
2.656250e-01	 5.128581e-04
2.812500e-01	 7.645404e-04
2.968750e-01	 1.008860e-03
3.125000e-01	 1.243463e-03
3.281250e-01	 1.466091e-03
3.437500e-01	 1.674600e-03
3.593750e-01	 1.866982e-03
3.750000e-01	 2.041383e-03
3.906250e-01	 2.196125e-03
4.062500e-01	 2.329717e-03
4.218750e-01	 2.440873e-03
4.375000e-01	 2.528522e-03
4.531250e-01	 2.591819e-03
4.687500e-01	 2.630156e-03
4.843750e-01	 2.643163e-03
5.000000e-01	 2.630715e-03
5.156250e-01	 2.592932e-03
5.312500e-01	 2.530177e-03
5.468750e-01	 2.443056e-03
5.625000e-01	 2.332406e-03
5.781250e-01	 2.199295e-03
5.937500e-01	 2.045002e-03
6.093750e-01	 1.871015e-03
6.250000e-01	 1.679010e-03
6.406250e-01	 1.470834e-03
6.562500e-01	 1.248494e-03
6.718750e-01	 1.014130e-03
6.875000e-01	 7.699992e-04
7.031250e-01	 5.184530e-04
7.187500e-01	 2.619138e-04
7.343750e-01	 2.852235e-06
7.500000e-01	 -2.562368e-04
7.656250e-01	 -5.128581e-04
7.812500e-01	 -7.645404e-04
7.968750e-01	 -1.008860e-03
8.125000e-01	 -1.243463e-03
8.281250e-01	 -1.466091e-03
8.437500e-01	 -1.674600e-03
8.593750e-01	 -1.866982e-03
8.750000e-01	 -2.041383e-03
8.906250e-01	 -2.196125e-03
9.062500e-01	 -2.329717e-03
9.218750e-01	 -2.440873e-03
9.375000e-01	 -2.528522e-03
9.531250e-01	 -2.591819e-03
9.687500e-01	 -2.630156e-03
9.843750e-01	 -2.643163e-03
