0.000000e+00	 -8.799153e-04
1.562500e-02	 -8.672777e-04
3.125000e-02	 -8.462877e-04
4.687500e-02	 -8.171476e-04
6.250000e-02	 -7.801378e-04
7.812500e-02	 -7.356149e-04
9.375000e-02	 -6.840076e-04
1.093750e-01	 -6.258129e-04
1.250000e-01	 -5.615914e-04
1.406250e-01	 -4.919613e-04
1.562500e-01	 -4.175935e-04
1.718750e-01	 -3.392040e-04
1.875000e-01	 -2.575477e-04
2.031250e-01	 -1.734111e-04
2.187500e-01	 -8.760454e-05
2.343750e-01	 -9.542522e-07
2.500000e-01	 8.570523e-05
2.656250e-01	 1.715393e-04
2.812500e-01	 2.557214e-04
2.968750e-01	 3.374407e-04
3.125000e-01	 4.159103e-04
3.281250e-01	 4.903745e-04
3.437500e-01	 5.601161e-04
3.593750e-01	 6.244634e-04
3.750000e-01	 6.827968e-04
3.906250e-01	 7.345546e-04
4.062500e-01	 7.792381e-04
4.218750e-01	 8.164172e-04
4.375000e-01	 8.457337e-04
4.531250e-01	 8.669054e-04
4.687500e-01	 8.797283e-04
4.843750e-01	 8.840789e-04
5.000000e-01	 8.799153e-04
5.156250e-01	 8.672777e-04
5.312500e-01	 8.462877e-04
5.468750e-01	 8.171476e-04
5.625000e-01	 7.801378e-04
5.781250e-01	 7.356149e-04
5.937500e-01	 6.840076e-04
6.093750e-01	 6.258129e-04
6.250000e-01	 5.615914e-04
6.406250e-01	 4.919613e-04
6.562500e-01	 4.175935e-04
6.718750e-01	 3.392040e-04
6.875000e-01	 2.575477e-04
7.031250e-01	 1.734111e-04
7.187500e-01	 8.760454e-05
7.343750e-01	 9.542522e-07
7.500000e-01	 -8.570523e-05
7.656250e-01	 -1.715393e-04
7.812500e-01	 -2.557214e-04
7.968750e-01	 -3.374407e-04
8.125000e-01	 -4.159103e-04
8.281250e-01	 -4.903745e-04
8.437500e-01	 -5.601161e-04
8.593750e-01	 -6.244634e-04
8.750000e-01	 -6.827968e-04
8.906250e-01	 -7.345546e-04
9.062500e-01	 -7.792381e-04
9.218750e-01	 -8.164172e-04
9.375000e-01	 -8.457337e-04
9.531250e-01	 -8.669054e-04
9.687500e-01	 -8.797283e-04
9.843750e-01	 -8.840789e-04
