0.000000e+00	 -2.838688e-03
1.562500e-02	 -2.797918e-03
3.125000e-02	 -2.730202e-03
4.687500e-02	 -2.636193e-03
6.250000e-02	 -2.516796e-03
7.812500e-02	 -2.373161e-03
9.375000e-02	 -2.206671e-03
1.093750e-01	 -2.018930e-03
1.250000e-01	 -1.811745e-03
1.406250e-01	 -1.587112e-03
1.562500e-01	 -1.347195e-03
1.718750e-01	 -1.094303e-03
1.875000e-01	 -8.308721e-04
2.031250e-01	 -5.594398e-04
2.187500e-01	 -2.826198e-04
2.343750e-01	 -3.077949e-06
2.500000e-01	 2.764935e-04
2.656250e-01	 5.534022e-04
2.812500e-01	 8.249813e-04
2.968750e-01	 1.088615e-03
3.125000e-01	 1.341766e-03
3.281250e-01	 1.581994e-03
3.437500e-01	 1.806986e-03
3.593750e-01	 2.014577e-03
3.750000e-01	 2.202766e-03
3.906250e-01	 2.369741e-03
4.062500e-01	 2.513894e-03
4.218750e-01	 2.633837e-03
4.375000e-01	 2.728415e-03
4.531250e-01	 2.796717e-03
4.687500e-01	 2.838084e-03
4.843750e-01	 2.852120e-03
5.000000e-01	 2.838688e-03
5.156250e-01	 2.797918e-03
5.312500e-01	 2.730202e-03
5.468750e-01	 2.636193e-03
5.625000e-01	 2.516796e-03
5.781250e-01	 2.373161e-03
5.937500e-01	 2.206671e-03
6.093750e-01	 2.018930e-03
6.250000e-01	 1.811745e-03
6.406250e-01	 1.587112e-03
6.562500e-01	 1.347195e-03
6.718750e-01	 1.094303e-03
6.875000e-01	 8.308721e-04
7.031250e-01	 5.594398e-04
7.187500e-01	 2.826198e-04
7.343750e-01	 3.077949e-06
7.500000e-01	 -2.764935e-04
7.656250e-01	 -5.534022e-04
7.812500e-01	 -8.249813e-04
7.968750e-01	 -1.088615e-03
8.125000e-01	 -1.341766e-03
8.281250e-01	 -1.581994e-03
8.437500e-01	 -1.806986e-03
8.593750e-01	 -2.014577e-03
8.750000e-01	 -2.202766e-03
8.906250e-01	 -2.369741e-03
9.062500e-01	 -2.513894e-03
9.218750e-01	 -2.633837e-03
9.375000e-01	 -2.728415e-03
9.531250e-01	 -2.796717e-03
9.687500e-01	 -2.838084e-03
9.843750e-01	 -2.852120e-03
