0.000000e+00	 0.000000e+00
1.562500e-02	 0.000000e+00
3.125000e-02	 0.000000e+00
4.687500e-02	 0.000000e+00
6.250000e-02	 0.000000e+00
7.812500e-02	 0.000000e+00
9.375000e-02	 0.000000e+00
1.093750e-01	 0.000000e+00
1.250000e-01	 0.000000e+00
1.406250e-01	 0.000000e+00
1.562500e-01	 0.000000e+00
1.718750e-01	 0.000000e+00
1.875000e-01	 0.000000e+00
2.031250e-01	 0.000000e+00
2.187500e-01	 0.000000e+00
2.343750e-01	 0.000000e+00
2.500000e-01	 0.000000e+00
2.656250e-01	 0.000000e+00
2.812500e-01	 0.000000e+00
2.968750e-01	 0.000000e+00
3.125000e-01	 0.000000e+00
3.281250e-01	 0.000000e+00
3.437500e-01	 0.000000e+00
3.593750e-01	 0.000000e+00
3.750000e-01	 0.000000e+00
3.906250e-01	 0.000000e+00
4.062500e-01	 0.000000e+00
4.218750e-01	 0.000000e+00
4.375000e-01	 0.000000e+00
4.531250e-01	 0.000000e+00
4.687500e-01	 0.000000e+00
4.843750e-01	 0.000000e+00
5.000000e-01	 0.000000e+00
5.156250e-01	 0.000000e+00
5.312500e-01	 0.000000e+00
5.468750e-01	 0.000000e+00
5.625000e-01	 0.000000e+00
5.781250e-01	 0.000000e+00
5.937500e-01	 0.000000e+00
6.093750e-01	 0.000000e+00
6.250000e-01	 0.000000e+00
6.406250e-01	 0.000000e+00
6.562500e-01	 0.000000e+00
6.718750e-01	 0.000000e+00
6.875000e-01	 0.000000e+00
7.031250e-01	 0.000000e+00
7.187500e-01	 0.000000e+00
7.343750e-01	 0.000000e+00
7.500000e-01	 0.000000e+00
7.656250e-01	 0.000000e+00
7.812500e-01	 0.000000e+00
7.968750e-01	 0.000000e+00
8.125000e-01	 0.000000e+00
8.281250e-01	 0.000000e+00
8.437500e-01	 0.000000e+00
8.593750e-01	 0.000000e+00
8.750000e-01	 0.000000e+00
8.906250e-01	 0.000000e+00
9.062500e-01	 0.000000e+00
9.218750e-01	 0.000000e+00
9.375000e-01	 0.000000e+00
9.531250e-01	 0.000000e+00
9.687500e-01	 0.000000e+00
9.843750e-01	 0.000000e+00
