0.000000e+00	 -2.303648e-03
1.562500e-02	 -2.270562e-03
3.125000e-02	 -2.215610e-03
4.687500e-02	 -2.139320e-03
6.250000e-02	 -2.042427e-03
7.812500e-02	 -1.925865e-03
9.375000e-02	 -1.790755e-03
1.093750e-01	 -1.638400e-03
1.250000e-01	 -1.470266e-03
1.406250e-01	 -1.287972e-03
1.562500e-01	 -1.093275e-03
1.718750e-01	 -8.880483e-04
1.875000e-01	 -6.742695e-04
2.031250e-01	 -4.539972e-04
2.187500e-01	 -2.293526e-04
2.343750e-01	 -2.499217e-06
2.500000e-01	 2.243782e-04
2.656250e-01	 4.490948e-04
2.812500e-01	 6.694863e-04
2.968750e-01	 8.834303e-04
3.125000e-01	 1.088866e-03
3.281250e-01	 1.283816e-03
3.437500e-01	 1.466402e-03
3.593750e-01	 1.634866e-03
3.750000e-01	 1.787585e-03
3.906250e-01	 1.923088e-03
4.062500e-01	 2.040071e-03
4.218750e-01	 2.137407e-03
4.375000e-01	 2.214159e-03
4.531250e-01	 2.269587e-03
4.687500e-01	 2.303158e-03
4.843750e-01	 2.314548e-03
5.000000e-01	 2.303648e-03
5.156250e-01	 2.270562e-03
5.312500e-01	 2.215610e-03
5.468750e-01	 2.139320e-03
5.625000e-01	 2.042427e-03
5.781250e-01	 1.925865e-03
5.937500e-01	 1.790755e-03
6.093750e-01	 1.638400e-03
6.250000e-01	 1.470266e-03
6.406250e-01	 1.287972e-03
6.562500e-01	 1.093275e-03
6.718750e-01	 8.880483e-04
6.875000e-01	 6.742695e-04
7.031250e-01	 4.539972e-04
7.187500e-01	 2.293526e-04
7.343750e-01	 2.499217e-06
7.500000e-01	 -2.243782e-04
7.656250e-01	 -4.490948e-04
7.812500e-01	 -6.694863e-04
7.968750e-01	 -8.834303e-04
8.125000e-01	 -1.088866e-03
8.281250e-01	 -1.283816e-03
8.437500e-01	 -1.466402e-03
8.593750e-01	 -1.634866e-03
8.750000e-01	 -1.787585e-03
8.906250e-01	 -1.923088e-03
9.062500e-01	 -2.040071e-03
9.218750e-01	 -2.137407e-03
9.375000e-01	 -2.214159e-03
9.531250e-01	 -2.269587e-03
9.687500e-01	 -2.303158e-03
9.843750e-01	 -2.314548e-03
