0.000000e+00	 -2.708101e-03
1.562500e-02	 -2.669206e-03
3.125000e-02	 -2.604606e-03
4.687500e-02	 -2.514921e-03
6.250000e-02	 -2.401017e-03
7.812500e-02	 -2.263990e-03
9.375000e-02	 -2.105159e-03
1.093750e-01	 -1.926054e-03
1.250000e-01	 -1.728400e-03
1.406250e-01	 -1.514101e-03
1.562500e-01	 -1.285220e-03
1.718750e-01	 -1.043962e-03
1.875000e-01	 -7.926503e-04
2.031250e-01	 -5.337046e-04
2.187500e-01	 -2.696190e-04
2.343750e-01	 -2.936844e-06
2.500000e-01	 2.637736e-04
2.656250e-01	 5.279437e-04
2.812500e-01	 7.870295e-04
2.968750e-01	 1.038536e-03
3.125000e-01	 1.280040e-03
3.281250e-01	 1.509217e-03
3.437500e-01	 1.723860e-03
3.593750e-01	 1.921901e-03
3.750000e-01	 2.101433e-03
3.906250e-01	 2.260726e-03
4.062500e-01	 2.398248e-03
4.218750e-01	 2.512674e-03
4.375000e-01	 2.602901e-03
4.531250e-01	 2.668060e-03
4.687500e-01	 2.707525e-03
4.843750e-01	 2.720915e-03
5.000000e-01	 2.708101e-03
5.156250e-01	 2.669206e-03
5.312500e-01	 2.604606e-03
5.468750e-01	 2.514921e-03
5.625000e-01	 2.401017e-03
5.781250e-01	 2.263990e-03
5.937500e-01	 2.105159e-03
6.093750e-01	 1.926054e-03
6.250000e-01	 1.728400e-03
6.406250e-01	 1.514101e-03
6.562500e-01	 1.285220e-03
6.718750e-01	 1.043962e-03
6.875000e-01	 7.926503e-04
7.031250e-01	 5.337046e-04
7.187500e-01	 2.696190e-04
7.343750e-01	 2.936844e-06
7.500000e-01	 -2.637736e-04
7.656250e-01	 -5.279437e-04
7.812500e-01	 -7.870295e-04
7.968750e-01	 -1.038536e-03
8.125000e-01	 -1.280040e-03
8.281250e-01	 -1.509217e-03
8.437500e-01	 -1.723860e-03
8.593750e-01	 -1.921901e-03
8.750000e-01	 -2.101433e-03
8.906250e-01	 -2.260726e-03
9.062500e-01	 -2.398248e-03
9.218750e-01	 -2.512674e-03
9.375000e-01	 -2.602901e-03
9.531250e-01	 -2.668060e-03
9.687500e-01	 -2.707525e-03
9.843750e-01	 -2.720915e-03
