0.0123467104
0.0123546466
0.0123625718
0.0123704862
0.0123783896
0.0123862820
0.0123941635
0.0124020341
0.0124098937
0.0124177424
0.0124255801
0.0124334069
0.0124412228
0.0124490277
0.0124568217
0.0124646047
0.0124723768
0.0124801380
0.0124878882
0.0124956275
0.0125033558
0.0125110732
0.0125187797
0.0125264752
0.0125341597
0.0125418333
0.0125494960
0.0125571478
0.0125647886
0.0125724184
0.0125800373
0.0125876453
0.0125952423
0.0126028284
0.0126104036
0.0126179678
0.0126255211
0.0126330634
0.0126405948
0.0126481153
0.0126556248
0.0126631234
0.0126706110
0.0126780877
0.0126855535
0.0126930083
0.0127004522
0.0127078852
0.0127153073
0.0127227184
0.0127301185
0.0127375078
0.0127448861
0.0127522535
0.0127596099
0.0127669555
0.0127742901
0.0127816138
0.0127889265
0.0127962283
0.0128035192
0.0128107992
0.0128180683
0.0128253264
0.0128325736
0.0128398099
0.0128470353
0.0128542497
0.0128614533
0.0128686459
0.0128758276
0.0128829984
0.0128901583
0.0128973073
0.0129044454
0.0129115726
0.0129186888
0.0129257942
0.0129328886
0.0129399722
0.0129470448
0.0129541066
0.0129611574
0.0129681974
0.0129752265
0.0129822446
0.0129892519
0.0129962483
0.0130032338
0.0130102084
0.0130171721
0.0130241250
0.0130310669
0.0130379980
0.0130449182
0.0130518275
0.0130587260
0.0130656135
0.0130724902
0.0130793560
0.0130862110
0.0130930551
0.0130998883
0.0131067107
0.0131135222
0.0131203228
0.0131271126
0.0131338915
0.0131406596
0.0131474169
0.0131541632
0.0131608988
0.0131676235
0.0131743373
0.0131810403
0.0131877325
0.0131944138
0.0132010843
0.0132077440
0.0132143928
0.0132210308
0.0132276580
0.0132342743
0.0132408799
0.0132474746
0.0132540585
0.0132606316
0.0132671939
0.0132737454
0.0132802860
0.0132868159
0.0132933350
0.0132998432
0.0133063407
0.0133128274
0.0133193033
0.0133257684
0.0133322227
0.0133386663
0.0133450990
0.0133515210
0.0133579322
0.0133643327
0.0133707223
0.0133771012
0.0133834694
0.0133898268
0.0133961734
0.0134025093
0.0134088344
0.0134151488
0.0134214524
0.0134277453
0.0134340275
0.0134402989
0.0134465596
0.0134528096
0.0134590488
0.0134652773
0.0134714951
0.0134777022
0.0134838986
0.0134900842
0.0134962592
0.0135024234
0.0135085770
0.0135147198
0.0135208520
0.0135269735
0.0135330842
0.0135391843
0.0135452738
0.0135513525
0.0135574206
0.0135634780
0.0135695248
0.0135755608
0.0135815863
0.0135876011
0.0135936052
0.0135995987
0.0136055815
0.0136115537
0.0136175153
0.0136234662
0.0136294065
0.0136353362
0.0136412552
0.0136471637
0.0136530615
0.0136589487
0.0136648254
0.0136706914
0.0136765468
0.0136823917
0.0136882259
0.0136940496
0.0136998627
0.0137056652
0.0137114571
0.0137172385
0.0137230093
0.0137287695
0.0137345192
0.0137402584
0.0137459870
0.0137517051
0.0137574126
0.0137631096
0.0137687960
0.0137744720
0.0137801374
0.0137857923
0.0137914367
0.0137970706
0.0138026940
0.0138083069
0.0138139093
0.0138195012
0.0138250826
0.0138306536
0.0138362141
0.0138417641
0.0138473036
0.0138528327
0.0138583513
0.0138638595
0.0138693573
0.0138748446
0.0138803214
0.0138857879
0.0138912439
0.0138966895
0.0139021247
0.0139075494
0.0139129638
0.0139183678
0.0139237613
0.0139291445
0.0139345173
0.0139398797
0.0139452317
0.0139505734
0.0139559047
0.0139612257
0.0139665363
0.0139718365
0.0139771264
0.0139824060
0.0139876752
0.0139929341
0.0139981827
0.0140034210
0.0140086490
0.0140138666
0.0140190740
0.0140242711
0.0140294578
0.0140346343
0.0140398006
0.0140449565
0.0140501022
0.0140552376
0.0140603628
0.0140654777
0.0140705824
0.0140756768
0.0140807611
0.0140858351
0.0140908988
0.0140959524
0.0141009957
0.0141060289
0.0141110518
0.0141160646
0.0141210672
0.0141260596
0.0141310418
0.0141360139
0.0141409758
0.0141459276
0.0141508692
0.0141558007
0.0141607220
0.0141656332
0.0141705343
0.0141754253
0.0141803061
0.0141851769
0.0141900376
0.0141948882
0.0141997287
0.0142045591
0.0142093794
0.0142141897
0.0142189899
0.0142237801
0.0142285603
0.0142333304
0.0142380904
0.0142428405
0.0142475805
0.0142523105
0.0142570305
0.0142617405
0.0142664406
0.0142711306
0.0142758107
0.0142804808
0.0142851409
0.0142897911
0.0142944313
0.0142990616
0.0143036819
0.0143082923
0.0143128928
0.0143174834
0.0143220641
0.0143266349
0.0143311958
0.0143357468
0.0143402879
0.0143448192
0.0143493406
0.0143538521
0.0143583538
0.0143628456
0.0143673276
0.0143717998
0.0143762622
0.0143807147
0.0143851575
0.0143895904
0.0143940136
0.0143984270
0.0144028306
0.0144072244
0.0144116085
0.0144159828
0.0144203474
0.0144247023
0.0144290474
0.0144333828
0.0144377085
0.0144420245
0.0144463308
0.0144506274
0.0144549143
0.0144591915
0.0144634591
0.0144677170
0.0144719653
0.0144762039
0.0144804329
0.0144846523
0.0144888620
0.0144930622
0.0144972527
0.0145014337
0.0145056050
0.0145097668
0.0145139190
0.0145180617
0.0145221948
0.0145263184
0.0145304324
0.0145345369
0.0145386319
0.0145427174
0.0145467934
0.0145508599
0.0145549169
0.0145589644
0.0145630025
0.0145670311
0.0145710502
0.0145750599
0.0145790602
0.0145830511
0.0145870325
0.0145910046
0.0145949672
0.0145989204
0.0146028643
0.0146067988
0.0146107240
0.0146146398
0.0146185462
0.0146224433
0.0146263311
0.0146302096
0.0146340788
0.0146379386
0.0146417892
0.0146456305
0.0146494625
0.0146532853
0.0146570988
0.0146609031
0.0146646981
0.0146684840
0.0146722606
0.0146760280
0.0146797862
0.0146835352
0.0146872750
0.0146910057
0.0146947272
0.0146984396
0.0147021428
0.0147058369
0.0147095219
0.0147131977
0.0147168645
0.0147205222
0.0147241708
0.0147278103
0.0147314408
0.0147350622
0.0147386746
0.0147422779
0.0147458723
0.0147494576
0.0147530339
0.0147566012
0.0147601596
0.0147637089
0.0147672494
0.0147707808
0.0147743033
0.0147778169
0.0147813216
0.0147848174
0.0147883042
0.0147917822
0.0147952513
0.0147987115
0.0148021629
0.0148056054
0.0148090391
0.0148124640
0.0148158800
0.0148192872
0.0148226857
0.0148260753
0.0148294562
0.0148328284
0.0148361917
0.0148395464
0.0148428923
0.0148462294
0.0148495579
0.0148528777
0.0148561888
0.0148594912
0.0148627849
0.0148660700
0.0148693465
0.0148726143
0.0148758735
0.0148791241
0.0148823661
0.0148855995
0.0148888243
0.0148920406
0.0148952483
0.0148984474
0.0149016381
0.0149048202
0.0149079938
0.0149111589
0.0149143155
0.0149174637
0.0149206033
0.0149237346
0.0149268574
0.0149299717
0.0149330777
0.0149361752
0.0149392644
0.0149423452
0.0149454176
0.0149484816
0.0149515373
0.0149545847
0.0149576237
0.0149606545
0.0149636769
0.0149666910
0.0149696969
0.0149726945
0.0149756839
0.0149786650
0.0149816379
0.0149846026
0.0149875591
0.0149905074
0.0149934475
0.0149963795
0.0149993033
0.0150022190
0.0150051265
0.0150080259
0.0150109172
0.0150138005
0.0150166756
0.0150195427
0.0150224017
0.0150252527
0.0150280957
0.0150309307
0.0150337576
0.0150365766
0.0150393876
0.0150421906
0.0150449857
0.0150477728
0.0150505520
0.0150533233
0.0150560867
0.0150588422
0.0150615899
0.0150643297
0.0150670616
0.0150697857
0.0150725020
0.0150752105
0.0150779112
0.0150806041
0.0150832892
0.0150859666
0.0150886363
0.0150912982
0.0150939524
0.0150965989
0.0150992377
0.0151018689
0.0151044924
0.0151071082
0.0151097164
0.0151123170
0.0151149100
0.0151174954
0.0151200733
0.0151226435
0.0151252062
0.0151277614
0.0151303091
0.0151328492
0.0151353819
0.0151379071
0.0151404248
0.0151429351
0.0151454379
0.0151479333
0.0151504213
0.0151529019
0.0151553751
0.0151578410
0.0151602995
0.0151627507
0.0151651945
0.0151676311
0.0151700603
0.0151724823
0.0151748970
0.0151773045
0.0151797047
0.0151820977
0.0151844835
0.0151868621
0.0151892336
0.0151915979
0.0151939550
0.0151963050
0.0151986479
0.0152009837
0.0152033124
0.0152056340
0.0152079486
0.0152102561
0.0152125566
0.0152148501
0.0152171366
0.0152194162
0.0152216887
0.0152239544
0.0152262130
0.0152284648
0.0152307097
0.0152329476
0.0152351787
0.0152374030
0.0152396204
0.0152418310
0.0152440348
0.0152462317
0.0152484219
0.0152506054
0.0152527821
0.0152549521
0.0152571153
0.0152592719
0.0152614218
0.0152635650
0.0152657015
0.0152678315
0.0152699548
0.0152720715
0.0152741816
0.0152762852
0.0152783822
0.0152804727
0.0152825566
0.0152846341
0.0152867050
0.0152887695
0.0152908276
0.0152928792
0.0152949244
0.0152969632
0.0152989956
0.0153010216
0.0153030413
0.0153050546
0.0153070616
0.0153090623
0.0153110568
0.0153130449
0.0153150269
0.0153170025
0.0153189720
0.0153209353
0.0153228924
0.0153248433
0.0153267881
0.0153287267
0.0153306592
0.0153325857
0.0153345060
0.0153364203
0.0153383286
0.0153402308
0.0153421270
0.0153440172
0.0153459015
0.0153477798
0.0153496522
0.0153515186
0.0153533792
0.0153552338
0.0153570826
0.0153589256
0.0153607627
0.0153625940
0.0153644195
0.0153662393
0.0153680533
0.0153698615
0.0153716640
0.0153734609
0.0153752520
0.0153770375
0.0153788173
0.0153805915
0.0153823601
0.0153841232
0.0153858806
0.0153876325
0.0153893788
0.0153911197
0.0153928550
0.0153945849
0.0153963093
0.0153980283
0.0153997418
0.0154014500
0.0154031527
0.0154048501
0.0154065422
0.0154082289
0.0154099104
0.0154115865
0.0154132574
0.0154149230
0.0154165834
0.0154182386
0.0154198886
0.0154215335
0.0154231732
0.0154248077
0.0154264372
0.0154280616
0.0154296808
0.0154312951
0.0154329043
0.0154345085
0.0154361077
0.0154377020
0.0154392913
0.0154408757
0.0154424551
0.0154440297
0.0154455994
0.0154471642
0.0154487243
0.0154502795
0.0154518299
0.0154533756
0.0154549165
0.0154564527
0.0154579842
0.0154595110
0.0154610332
0.0154625507
0.0154640636
0.0154655719
0.0154670756
0.0154685748
0.0154700694
0.0154715595
0.0154730451
0.0154745262
0.0154760029
0.0154774752
0.0154789431
0.0154804065
0.0154818656
0.0154833204
0.0154847708
0.0154862169
0.0154876588
0.0154890964
0.0154905298
0.0154919589
0.0154933839
0.0154948047
0.0154962213
0.0154976339
0.0154990423
0.0155004466
0.0155018469
0.0155032431
0.0155046354
0.0155060236
0.0155074079
0.0155087882
0.0155101646
0.0155115371
0.0155129057
0.0155142705
0.0155156314
0.0155169886
0.0155183419
0.0155196915
0.0155210373
0.0155223794
0.0155237179
0.0155250526
0.0155263837
0.0155277112
0.0155290351
0.0155303554
0.0155316721
0.0155329853
0.0155342950
0.0155356012
0.0155369040
0.0155382033
0.0155394992
0.0155407918
0.0155420809
0.0155433667
0.0155446492
0.0155459284
0.0155472043
0.0155484770
0.0155497465
0.0155510128
0.0155522759
0.0155535358
0.0155547926
0.0155560464
0.0155572970
0.0155585446
0.0155597892
0.0155610308
0.0155622694
0.0155635050
0.0155647378
0.0155659676
0.0155671945
0.0155684186
0.0155696399
0.0155708584
0.0155720741
0.0155732870
0.0155744973
0.0155757048
0.0155769096
0.0155781118
0.0155793114
0.0155805084
0.0155817028
0.0155828947
0.0155840840
0.0155852709
0.0155864553
0.0155876372
0.0155888168
0.0155899939
0.0155911687
0.0155923412
0.0155935113
0.0155946791
0.0155958447
0.0155970081
0.0155981693
0.0155993283
0.0156004851
0.0156016398
0.0156027924
0.0156039430
0.0156050915
0.0156062379
0.0156073824
0.0156085250
0.0156096656
0.0156108043
0.0156119411
0.0156130760
0.0156142092
0.0156153405
0.0156164701
0.0156175979
0.0156187240
0.0156198485
0.0156209712
0.0156220924
0.0156232119
0.0156243299
0.0156254463
0.0156265612
0.0156276746
0.0156287865
0.0156298970
0.0156310061
0.0156321139
0.0156332202
0.0156343253
0.0156354291
0.0156365316
0.0156376329
0.0156387329
0.0156398318
0.0156409296
0.0156420262
0.0156431218
0.0156442163
0.0156453097
0.0156464022
0.0156474937
0.0156485842
0.0156496739
0.0156507626
0.0156518506
0.0156529376
0.0156540239
0.0156551095
0.0156561943
0.0156572784
0.0156583618
0.0156594446
0.0156605268
0.0156616084
0.0156626894
0.0156637699
0.0156648500
0.0156659295
0.0156670087
0.0156680874
0.0156691658
0.0156702439
0.0156713216
0.0156723991
0.0156734763
0.0156745533
0.0156756302
0.0156767069
0.0156777834
0.0156788599
0.0156799364
0.0156810128
0.0156820892
0.0156831657
0.0156842422
0.0156853188
0.0156863956
0.0156874726
0.0156885497
0.0156896271
0.0156907047
0.0156917827
0.0156928610
0.0156939396
0.0156950186
0.0156960981
0.0156971780
0.0156982584
0.0156993394
0.0157004209
0.0157015030
0.0157025857
0.0157036691
0.0157047531
0.0157058379
0.0157069235
0.0157080098
0.0157090970
0.0157101851
0.0157112740
0.0157123638
0.0157134546
0.0157145464
0.0157156393
0.0157167332
0.0157178282
0.0157189243
0.0157200216
0.0157211201
0.0157222198
0.0157233208
0.0157244231
0.0157255267
0.0157266317
0.0157277382
0.0157288460
0.0157299553
0.0157310662
0.0157321786
0.0157332926
0.0157344082
0.0157355254
0.0157366443
0.0157377650
0.0157388874
0.0157400116
0.0157411377
0.0157422656
0.0157433954
0.0157445272
0.0157456609
0.0157467967
0.0157479345
0.0157490743
0.0157502163
0.0157513605
0.0157525068
0.0157536554
0.0157548062
0.0157559594
0.0157571149
0.0157582727
0.0157594330
0.0157605957
0.0157617610
0.0157629287
0.0157640990
0.0157652719
0.0157664475
0.0157676257
0.0157688066
0.0157699903
0.0157711767
0.0157723660
0.0157735582
0.0157747533
0.0157759513
0.0157771523
0.0157783562
0.0157795633
0.0157807734
0.0157819867
0.0157832032
0.0157844228
0.0157856457
0.0157868719
0.0157881015
0.0157893343
0.0157905706
0.0157918104
0.0157930536
0.0157943003
0.0157955506
0.0157968045
0.0157980620
0.0157993233
0.0158005882
0.0158018569
0.0158031294
0.0158044057
0.0158056859
0.0158069700
0.0158082581
0.0158095502
0.0158108463
0.0158121466
0.0158134509
0.0158147594
0.0158160721
0.0158173890
0.0158187102
0.0158200358
0.0158213657
0.0158227000
0.0158240387
0.0158253820
0.0158267298
0.0158280821
0.0158294391
0.0158308007
0.0158321670
0.0158335380
0.0158349139
0.0158362945
0.0158376800
0.0158390705
0.0158404658
0.0158418662
0.0158432716
0.0158446820
0.0158460976
0.0158475183
0.0158489443
0.0158503754
0.0158518119
0.0158532537
0.0158547009
0.0158561534
0.0158576115
0.0158590750
0.0158605441
0.0158620188
0.0158634991
0.0158649850
0.0158664767
0.0158679742
0.0158694774
0.0158709865
0.0158725015
0.0158740225
0.0158755494
0.0158770823
0.0158786213
0.0158801664
0.0158817177
0.0158832752
0.0158848389
0.0158864089
0.0158879853
0.0158895680
0.0158911571
0.0158927527
0.0158943548
0.0158959635
0.0158975788
0.0158992007
0.0159008293
0.0159024647
0.0159041068
0.0159057558
0.0159074116
0.0159090744
0.0159107441
0.0159124208
0.0159141046
0.0159157955
0.0159174935
0.0159191988
0.0159209112
0.0159226310
0.0159243581
0.0159260925
0.0159278344
0.0159295838
0.0159313406
0.0159331050
0.0159348771
0.0159366568
0.0159384442
0.0159402393
0.0159420422
0.0159438530
0.0159456717
0.0159474982
0.0159493328
0.0159511754
0.0159530261
0.0159548849
0.0159567519
0.0159586271
0.0159605106
0.0159624023
0.0159643025
0.0159662110
0.0159681280
0.0159700535
0.0159719875
0.0159739302
0.0159758815
0.0159778415
0.0159798102
0.0159817877
0.0159837741
0.0159857693
0.0159877735
0.0159897866
0.0159918088
0.0159938401
0.0159958805
0.0159979300
0.0159999888
0.0160020569
0.0160041342
0.0160062210
0.0160083172
0.0160104228
0.0160125379
0.0160146627
0.0160167970
0.0160189410
0.0160210947
0.0160232581
0.0160254314
0.0160276145
0.0160298075
0.0160320105
0.0160342235
0.0160364466
0.0160386797
0.0160409230
0.0160431765
0.0160454403
0.0160477143
0.0160499987
0.0160522935
0.0160545988
0.0160569145
0.0160592408
0.0160615777
0.0160639253
0.0160662835
0.0160686525
0.0160710323
0.0160734229
0.0160758245
0.0160782369
0.0160806604
0.0160830949
0.0160855405
0.0160879973
0.0160904652
0.0160929444
0.0160954349
0.0160979368
0.0161004500
0.0161029747
0.0161055109
0.0161080586
0.0161106179
0.0161131889
0.0161157715
0.0161183660
0.0161209722
0.0161235902
0.0161262202
0.0161288621
0.0161315159
0.0161341819
0.0161368599
0.0161395501
0.0161422525
0.0161449671
0.0161476941
0.0161504333
0.0161531850
0.0161559492
0.0161587258
0.0161615150
0.0161643167
0.0161671312
0.0161699583
0.0161727982
0.0161756509
0.0161785164
0.0161813949
0.0161842863
0.0161871906
0.0161901081
0.0161930386
0.0161959823
0.0161989392
0.0162019094
0.0162048929
0.0162078897
0.0162108999
0.0162139236
0.0162169608
0.0162200115
0.0162230758
0.0162261538
0.0162292455
0.0162323509
0.0162354702
0.0162386033
0.0162417503
0.0162449113
0.0162480862
0.0162512752
0.0162544783
0.0162576956
0.0162609271
0.0162641728
0.0162674328
0.0162707072
0.0162739960
0.0162772992
0.0162806169
0.0162839492
0.0162872960
0.0162906575
0.0162940337
0.0162974247
0.0163008304
0.0163042510
0.0163076865
0.0163111369
0.0163146023
0.0163180828
0.0163215783
0.0163250890
0.0163286148
0.0163321559
0.0163357123
0.0163392840
0.0163428710
0.0163464735
0.0163500915
0.0163537250
0.0163573740
0.0163610387
0.0163647191
0.0163684151
0.0163721270
0.0163758546
0.0163795981
0.0163833575
0.0163871328
0.0163909242
0.0163947316
0.0163985550
0.0164023947
0.0164062505
0.0164101225
0.0164140108
0.0164179155
0.0164218365
0.0164257740
0.0164297279
0.0164336983
0.0164376853
0.0164416889
0.0164457091
0.0164497460
0.0164537997
0.0164578702
0.0164619575
0.0164660616
0.0164701827
0.0164743208
0.0164784759
0.0164826480
0.0164868372
0.0164910436
0.0164952672
0.0164995080
0.0165037661
0.0165080415
0.0165123343
0.0165166445
0.0165209721
0.0165253173
0.0165296800
0.0165340602
0.0165384581
0.0165428737
0.0165473070
0.0165517581
0.0165562269
0.0165607136
0.0165652181
0.0165697406
0.0165742811
0.0165788396
0.0165834161
0.0165880107
0.0165926234
0.0165972543
0.0166019035
0.0166065709
0.0166112565
0.0166159606
0.0166206830
0.0166254238
0.0166301830
0.0166349608
0.0166397571
0.0166445719
0.0166494054
0.0166542576
0.0166591284
0.0166640179
0.0166689263
0.0166738534
0.0166787994
0.0166837642
0.0166887480
0.0166937507
0.0166987724
0.0167038132
0.0167088730
0.0167139519
0.0167190500
0.0167241672
0.0167293037
0.0167344594
0.0167396343
0.0167448286
0.0167500423
0.0167552753
0.0167605278
0.0167657997
0.0167710911
0.0167764020
0.0167817325
0.0167870826
0.0167924523
0.0167978417
0.0168032508
0.0168086795
0.0168141281
0.0168195964
0.0168250846
0.0168305926
0.0168361205
0.0168416683
0.0168472360
0.0168528237
0.0168584315
0.0168640592
0.0168697071
0.0168753750
0.0168810630
0.0168867712
0.0168924996
0.0168982482
0.0169040171
0.0169098062
0.0169156156
0.0169214454
0.0169272954
0.0169331659
0.0169390568
0.0169449681
0.0169508999
0.0169568521
0.0169628249
0.0169688182
0.0169748320
0.0169808665
0.0169869215
0.0169929972
0.0169990936
0.0170052106
0.0170113483
0.0170175068
0.0170236860
0.0170298860
0.0170361068
0.0170423484
0.0170486109
0.0170548942
0.0170611984
0.0170675235
0.0170738696
0.0170802365
0.0170866245
0.0170930334
0.0170994634
0.0171059144
0.0171123864
0.0171188795
0.0171253936
0.0171319289
0.0171384853
0.0171450628
0.0171516614
0.0171582813
0.0171649223
0.0171715845
0.0171782680
0.0171849726
0.0171916986
0.0171984457
0.0172052142
0.0172120040
0.0172188150
0.0172256474
0.0172325011
0.0172393762
0.0172462726
0.0172531904
0.0172601296
0.0172670902
0.0172740722
0.0172810756
0.0172881004
0.0172951467
0.0173022144
0.0173093036
0.0173164143
0.0173235464
0.0173307000
0.0173378752
0.0173450718
0.0173522900
0.0173595296
0.0173667908
0.0173740736
0.0173813778
