    0.000000	     0.000000	     2.000000	
    0.000000	     0.000000	     2.000000	
    0.000000	     0.000000	     2.000000	
    0.000000	     0.000000	     2.000000	
    0.000000	     0.000000	     2.000000	
    0.000000	     0.000000	     2.000000	
   -0.000000	     0.000000	     2.000000	
   -0.000000	     0.000000	     2.000000	
   -0.000000	     0.000000	     2.000000	
   -0.000000	     0.000000	     2.000000	
   -0.000000	     0.000000	     2.000000	
   -0.000000	    -0.000000	     2.000000	
   -0.000000	    -0.000000	     2.000000	
   -0.000000	    -0.000000	     2.000000	
   -0.000000	    -0.000000	     2.000000	
   -0.000000	    -0.000000	     2.000000	
    0.000000	    -0.000000	     2.000000	
    0.000000	    -0.000000	     2.000000	
    0.000000	    -0.000000	     2.000000	
    0.000000	    -0.000000	     2.000000	
    3.229000e+00	 0.000000e+00	 1.977192e-16
    0.684040	     0.000000	     1.879385	
    0.650561	     0.211380	     1.879385	
    0.553400	     0.402069	     1.879385	
    0.402069	     0.553400	     1.879385