    0.000000	    -0.148532
    0.015625	    -0.151895
    0.031250	    -0.153796
    0.046875	    -0.154215
    0.062500	    -0.153149
    0.078125	    -0.150608
    0.093750	    -0.146616
    0.109375	    -0.141213
    0.125000	    -0.134450
    0.140625	    -0.126392
    0.156250	    -0.117116
    0.171875	    -0.106713
    0.187500	    -0.095282
    0.203125	    -0.082934
    0.218750	    -0.069786
    0.234375	    -0.055967
    0.250000	    -0.041609
    0.265625	    -0.026850
    0.281250	    -0.011832
    0.296875	     0.003300
    0.312500	     0.018399
    0.328125	     0.033322
    0.343750	     0.047924
    0.359375	     0.062064
    0.375000	     0.075606
    0.390625	     0.088421
    0.406250	     0.100383
    0.421875	     0.111379
    0.437500	     0.121303
    0.453125	     0.130058
    0.468750	     0.137561
    0.484375	     0.143738
    0.500000	     0.148532
    0.515625	     0.151895
    0.531250	     0.153796
    0.546875	     0.154215
    0.562500	     0.153149
    0.578125	     0.150608
    0.593750	     0.146616
    0.609375	     0.141213
    0.625000	     0.134450
    0.640625	     0.126392
    0.656250	     0.117116
    0.671875	     0.106713
    0.687500	     0.095282
    0.703125	     0.082934
    0.718750	     0.069786
    0.734375	     0.055967
    0.750000	     0.041609
    0.765625	     0.026850
    0.781250	     0.011832
    0.796875	    -0.003300
    0.812500	    -0.018399
    0.828125	    -0.033322
    0.843750	    -0.047924
    0.859375	    -0.062064
    0.875000	    -0.075606
    0.890625	    -0.088421
    0.906250	    -0.100383
    0.921875	    -0.111379
    0.937500	    -0.121303
    0.953125	    -0.130058
    0.968750	    -0.137561
    0.984375	    -0.143738
