0.000000e+00	 -1.485321e-01
1.562500e-02	 -1.518952e-01
3.125000e-02	 -1.537955e-01
4.687500e-02	 -1.542147e-01
6.250000e-02	 -1.531487e-01
7.812500e-02	 -1.506078e-01
9.375000e-02	 -1.466165e-01
1.093750e-01	 -1.412131e-01
1.250000e-01	 -1.344498e-01
1.406250e-01	 -1.263917e-01
1.562500e-01	 -1.171164e-01
1.718750e-01	 -1.067131e-01
1.875000e-01	 -9.528220e-02
2.031250e-01	 -8.293364e-02
2.187500e-01	 -6.978638e-02
2.343750e-01	 -5.596704e-02
2.500000e-01	 -4.160870e-02
2.656250e-01	 -2.684966e-02
2.812500e-01	 -1.183203e-02
2.968750e-01	 3.299540e-03
3.125000e-01	 1.839934e-02
3.281250e-01	 3.332194e-02
3.437500e-01	 4.792363e-02
3.593750e-01	 6.206379e-02
3.750000e-01	 7.560624e-02
3.906250e-01	 8.842057e-02
4.062500e-01	 1.003834e-01
4.218750e-01	 1.113794e-01
4.375000e-01	 1.213028e-01
4.531250e-01	 1.300580e-01
4.687500e-01	 1.375606e-01
4.843750e-01	 1.437385e-01
5.000000e-01	 1.485321e-01
5.156250e-01	 1.518952e-01
5.312500e-01	 1.537955e-01
5.468750e-01	 1.542147e-01
5.625000e-01	 1.531487e-01
5.781250e-01	 1.506078e-01
5.937500e-01	 1.466165e-01
6.093750e-01	 1.412131e-01
6.250000e-01	 1.344498e-01
6.406250e-01	 1.263917e-01
6.562500e-01	 1.171164e-01
6.718750e-01	 1.067131e-01
6.875000e-01	 9.528220e-02
7.031250e-01	 8.293364e-02
7.187500e-01	 6.978638e-02
7.343750e-01	 5.596704e-02
7.500000e-01	 4.160870e-02
7.656250e-01	 2.684966e-02
7.812500e-01	 1.183203e-02
7.968750e-01	 -3.299540e-03
8.125000e-01	 -1.839934e-02
8.281250e-01	 -3.332194e-02
8.437500e-01	 -4.792363e-02
8.593750e-01	 -6.206379e-02
8.750000e-01	 -7.560624e-02
8.906250e-01	 -8.842057e-02
9.062500e-01	 -1.003834e-01
9.218750e-01	 -1.113794e-01
9.375000e-01	 -1.213028e-01
9.531250e-01	 -1.300580e-01
9.687500e-01	 -1.375606e-01
9.843750e-01	 -1.437385e-01
