0.000000e+00	 1.849881e-03
3.125000e-02	 1.779379e-03
6.250000e-02	 1.640579e-03
9.375000e-02	 1.438778e-03
1.250000e-01	 1.181684e-03
1.562500e-01	 8.791330e-04
1.875000e-01	 5.427104e-04
2.187500e-01	 1.853204e-04
2.500000e-01	 -1.793109e-04
2.812500e-01	 -5.371608e-04
3.125000e-01	 -8.744509e-04
3.437500e-01	 -1.178181e-03
3.750000e-01	 -1.436635e-03
4.062500e-01	 -1.639828e-03
4.375000e-01	 -1.779918e-03
4.687500e-01	 -1.851496e-03
5.000000e-01	 -1.851809e-03
5.312500e-01	 -1.780841e-03
5.625000e-01	 -1.641353e-03
5.937500e-01	 -1.438746e-03
6.250000e-01	 -1.180851e-03
6.562500e-01	 -8.776256e-04
6.875000e-01	 -5.407583e-04
7.187500e-01	 -1.832208e-04
7.500000e-01	 1.812384e-04
7.812500e-01	 5.386227e-04
8.125000e-01	 8.752246e-04
8.437500e-01	 1.178149e-03
8.750000e-01	 1.435802e-03
9.062500e-01	 1.638321e-03
9.375000e-01	 1.777966e-03
9.687500e-01	 1.849397e-03
