0.000000e+00	 2.631900e-03
3.125000e-02	 2.531521e-03
6.250000e-02	 2.333949e-03
9.375000e-02	 2.046731e-03
1.250000e-01	 1.680859e-03
1.562500e-01	 1.250345e-03
1.875000e-01	 7.716889e-04
2.187500e-01	 2.632579e-04
2.500000e-01	 -2.554175e-04
2.812500e-01	 -7.643945e-04
3.125000e-01	 -1.244086e-03
3.437500e-01	 -1.676017e-03
3.750000e-01	 -2.043542e-03
4.062500e-01	 -2.332480e-03
4.375000e-01	 -2.531692e-03
4.687500e-01	 -2.633494e-03
5.000000e-01	 -2.633971e-03
5.312500e-01	 -2.533101e-03
5.625000e-01	 -2.334798e-03
5.937500e-01	 -2.046720e-03
6.250000e-01	 -1.679990e-03
6.562500e-01	 -1.248749e-03
6.875000e-01	 -7.696096e-04
7.187500e-01	 -2.610119e-04
7.500000e-01	 2.574883e-04
7.812500e-01	 7.659750e-04
8.125000e-01	 1.244935e-03
8.437500e-01	 1.676006e-03
8.750000e-01	 2.042672e-03
9.062500e-01	 2.330884e-03
9.375000e-01	 2.529613e-03
9.687500e-01	 2.631247e-03
