0.000000e+00	 -1.676066e-03
3.125000e-02	 -1.611816e-03
6.250000e-02	 -1.485543e-03
9.375000e-02	 -1.302139e-03
1.250000e-01	 -1.068698e-03
1.562500e-01	 -7.942350e-04
1.875000e-01	 -4.893344e-04
2.187500e-01	 -1.657385e-04
2.500000e-01	 1.641086e-04
2.812500e-01	 4.875408e-04
3.125000e-01	 7.921548e-04
3.437500e-01	 1.066284e-03
3.750000e-01	 1.299441e-03
4.062500e-01	 1.482705e-03
4.375000e-01	 1.609074e-03
4.687500e-01	 1.673717e-03
5.000000e-01	 1.674164e-03
5.312500e-01	 1.610375e-03
5.625000e-01	 1.484783e-03
5.937500e-01	 1.302175e-03
6.250000e-01	 1.069524e-03
6.562500e-01	 7.957267e-04
6.875000e-01	 4.912640e-04
7.187500e-01	 1.678122e-04
7.500000e-01	 -1.622066e-04
7.812500e-01	 -4.860999e-04
8.125000e-01	 -7.913944e-04
8.437500e-01	 -1.066320e-03
8.750000e-01	 -1.300268e-03
9.062500e-01	 -1.484196e-03
9.375000e-01	 -1.611003e-03
9.687500e-01	 -1.675790e-03
