0.000000e+00	 2.538226e-03
3.125000e-02	 2.441426e-03
6.250000e-02	 2.250894e-03
9.375000e-02	 1.973907e-03
1.250000e-01	 1.621065e-03
1.562500e-01	 1.205879e-03
1.875000e-01	 7.442597e-04
2.187500e-01	 2.539212e-04
2.500000e-01	 -2.463019e-04
2.812500e-01	 -7.371758e-04
3.125000e-01	 -1.199809e-03
3.437500e-01	 -1.616384e-03
3.750000e-01	 -1.970843e-03
4.062500e-01	 -2.249509e-03
4.375000e-01	 -2.441639e-03
4.687500e-01	 -2.539820e-03
5.000000e-01	 -2.540278e-03
5.312500e-01	 -2.442990e-03
5.625000e-01	 -2.251733e-03
5.937500e-01	 -1.973893e-03
6.250000e-01	 -1.620200e-03
6.562500e-01	 -1.204295e-03
6.875000e-01	 -7.421980e-04
7.187500e-01	 -2.516954e-04
7.500000e-01	 2.483529e-04
7.812500e-01	 7.387399e-04
8.125000e-01	 1.200648e-03
8.437500e-01	 1.616370e-03
8.750000e-01	 1.969978e-03
9.062500e-01	 2.247925e-03
9.375000e-01	 2.439578e-03
9.687500e-01	 2.537594e-03
