0.000000e+00	 -8.815705e-04
3.125000e-02	 -8.476898e-04
6.250000e-02	 -7.811547e-04
9.375000e-02	 -6.845601e-04
1.250000e-01	 -5.616618e-04
1.562500e-01	 -4.172257e-04
1.875000e-01	 -2.568373e-04
2.187500e-01	 -8.668428e-05
2.500000e-01	 8.668686e-05
2.812500e-01	 2.566231e-04
3.125000e-01	 4.166193e-04
3.437500e-01	 5.605645e-04
3.750000e-01	 6.829717e-04
4.062500e-01	 7.791767e-04
4.375000e-01	 8.455198e-04
4.687500e-01	 8.794763e-04
5.000000e-01	 8.797515e-04
5.312500e-01	 8.463175e-04
5.625000e-01	 7.804381e-04
5.937500e-01	 6.846083e-04
6.250000e-01	 5.624675e-04
6.562500e-01	 4.186661e-04
6.875000e-01	 2.586932e-04
7.187500e-01	 8.867315e-05
7.500000e-01	 -8.486783e-05
7.812500e-01	 -2.552509e-04
8.125000e-01	 -4.159027e-04
8.437500e-01	 -5.606127e-04
8.750000e-01	 -6.837773e-04
9.062500e-01	 -7.806171e-04
9.375000e-01	 -8.473757e-04
9.687500e-01	 -8.814652e-04
