0.000000e+00	 -2.772176e-03
3.125000e-02	 -2.666023e-03
6.250000e-02	 -2.457327e-03
9.375000e-02	 -2.154146e-03
1.250000e-01	 -1.768184e-03
1.562500e-01	 -1.314323e-03
1.875000e-01	 -8.100447e-04
2.187500e-01	 -2.747553e-04
2.500000e-01	 2.709630e-04
2.812500e-01	 8.061480e-04
3.125000e-01	 1.310262e-03
3.437500e-01	 1.763974e-03
3.750000e-01	 2.149901e-03
4.062500e-01	 2.453253e-03
4.375000e-01	 2.662422e-03
4.687500e-01	 2.769393e-03
5.000000e-01	 2.770075e-03
5.312500e-01	 2.664418e-03
5.625000e-01	 2.456462e-03
5.937500e-01	 2.154153e-03
6.250000e-01	 1.769062e-03
6.562500e-01	 1.315938e-03
6.875000e-01	 8.121511e-04
7.187500e-01	 2.770325e-04
7.500000e-01	 -2.688615e-04
7.812500e-01	 -8.045423e-04
8.125000e-01	 -1.309396e-03
8.437500e-01	 -1.763981e-03
8.750000e-01	 -2.150779e-03
9.062500e-01	 -2.454868e-03
9.375000e-01	 -2.664528e-03
9.687500e-01	 -2.771670e-03
