0.000000e+00	 2.840023e-03
3.125000e-02	 2.731694e-03
6.250000e-02	 2.518481e-03
9.375000e-02	 2.208532e-03
1.250000e-01	 1.813712e-03
1.562500e-01	 1.349143e-03
1.875000e-01	 8.326338e-04
2.187500e-01	 2.840051e-04
2.500000e-01	 -2.756680e-04
2.812500e-01	 -8.248671e-04
3.125000e-01	 -1.342459e-03
3.437500e-01	 -1.808512e-03
3.750000e-01	 -2.205066e-03
4.062500e-01	 -2.516825e-03
4.375000e-01	 -2.731774e-03
4.687500e-01	 -2.841620e-03
5.000000e-01	 -2.842140e-03
5.312500e-01	 -2.733313e-03
5.625000e-01	 -2.519355e-03
5.937500e-01	 -2.208528e-03
6.250000e-01	 -1.812831e-03
6.562500e-01	 -1.347518e-03
6.875000e-01	 -8.305132e-04
7.187500e-01	 -2.817114e-04
7.500000e-01	 2.777855e-04
7.812500e-01	 8.264861e-04
8.125000e-01	 1.343333e-03
8.437500e-01	 1.808508e-03
8.750000e-01	 2.204185e-03
9.062500e-01	 2.515201e-03
9.375000e-01	 2.729654e-03
9.687500e-01	 2.839326e-03
