0.000000e+00	 1.089683e-03
3.125000e-02	 1.048227e-03
6.250000e-02	 9.665671e-04
9.375000e-02	 8.478046e-04
1.250000e-01	 6.964597e-04
1.562500e-01	 5.183050e-04
1.875000e-01	 3.201490e-04
2.187500e-01	 1.095832e-04
2.500000e-01	 -1.053081e-04
2.812500e-01	 -3.162568e-04
3.125000e-01	 -5.151307e-04
3.437500e-01	 -6.942501e-04
3.750000e-01	 -8.466889e-04
4.062500e-01	 -9.665416e-04
4.375000e-01	 -1.049168e-03
4.687500e-01	 -1.091369e-03
5.000000e-01	 -1.091519e-03
5.312500e-01	 -1.049613e-03
5.625000e-01	 -9.672927e-04
5.937500e-01	 -8.477589e-04
6.250000e-01	 -6.956498e-04
6.562500e-01	 -5.168542e-04
6.875000e-01	 -3.182780e-04
7.187500e-01	 -1.075770e-04
7.500000e-01	 1.071440e-04
7.812500e-01	 3.176431e-04
8.125000e-01	 5.158562e-04
8.437500e-01	 6.942044e-04
8.750000e-01	 8.458789e-04
9.062500e-01	 9.650907e-04
9.375000e-01	 1.047297e-03
9.687500e-01	 1.089363e-03
