0.000000e+00	 -2.850927e-03
3.125000e-02	 -2.741763e-03
6.250000e-02	 -2.527145e-03
9.375000e-02	 -2.215358e-03
1.250000e-01	 -1.818438e-03
1.562500e-01	 -1.351688e-03
1.875000e-01	 -8.330844e-04
2.187500e-01	 -2.825858e-04
2.500000e-01	 2.786414e-04
2.812500e-01	 8.290392e-04
3.125000e-01	 1.347485e-03
3.437500e-01	 1.814099e-03
3.750000e-01	 2.211001e-03
4.062500e-01	 2.522979e-03
4.375000e-01	 2.738096e-03
4.687500e-01	 2.848108e-03
5.000000e-01	 2.848807e-03
5.312500e-01	 2.740143e-03
5.625000e-01	 2.526270e-03
5.937500e-01	 2.215362e-03
6.250000e-01	 1.819320e-03
6.562500e-01	 1.353314e-03
6.875000e-01	 8.352069e-04
7.187500e-01	 2.848816e-04
7.500000e-01	 -2.765219e-04
7.812500e-01	 -8.274186e-04
8.125000e-01	 -1.346610e-03
8.437500e-01	 -1.814103e-03
8.750000e-01	 -2.211883e-03
9.062500e-01	 -2.524605e-03
9.375000e-01	 -2.740219e-03
9.687500e-01	 -2.850404e-03
