0.000000e+00	 -2.244937e-04
3.125000e-02	 -2.157273e-04
6.250000e-02	 -1.985939e-04
9.375000e-02	 -1.737889e-04
1.250000e-01	 -1.423086e-04
1.562500e-01	 -1.054050e-04
1.875000e-01	 -6.453151e-05
2.187500e-01	 -2.128223e-05
2.500000e-01	 2.267349e-05
2.812500e-01	 6.565605e-05
3.125000e-01	 1.060388e-04
3.437500e-01	 1.423066e-04
3.750000e-01	 1.731091e-04
4.062500e-01	 1.973041e-04
4.375000e-01	 2.139975e-04
4.687500e-01	 2.225714e-04
5.000000e-01	 2.227044e-04
5.312500e-01	 2.143796e-04
5.625000e-01	 1.978930e-04
5.937500e-01	 1.738415e-04
6.250000e-01	 1.431067e-04
6.562500e-01	 1.068271e-04
6.875000e-01	 6.636110e-05
7.187500e-01	 2.324078e-05
7.500000e-01	 -2.088414e-05
7.812500e-01	 -6.430832e-05
8.125000e-01	 -1.053378e-04
8.437500e-01	 -1.423592e-04
8.750000e-01	 -1.739072e-04
9.062500e-01	 -1.987262e-04
9.375000e-01	 -2.158271e-04
9.687500e-01	 -2.245300e-04
