0.000000e+00	 1.488117e-03
3.125000e-02	 1.431437e-03
6.250000e-02	 1.319829e-03
9.375000e-02	 1.157543e-03
1.250000e-01	 9.507727e-04
1.562500e-01	 7.074191e-04
1.875000e-01	 4.367949e-04
2.187500e-01	 1.492760e-04
2.500000e-01	 -1.440960e-04
2.812500e-01	 -4.320373e-04
3.125000e-01	 -7.034563e-04
3.437500e-01	 -9.478850e-04
3.750000e-01	 -1.155887e-03
4.062500e-01	 -1.319419e-03
4.375000e-01	 -1.432162e-03
4.687500e-01	 -1.489759e-03
5.000000e-01	 -1.489995e-03
5.312500e-01	 -1.432858e-03
5.625000e-01	 -1.320576e-03
5.937500e-01	 -1.157504e-03
6.250000e-01	 -9.499521e-04
6.562500e-01	 -7.059423e-04
6.875000e-01	 -4.348866e-04
7.187500e-01	 -1.472270e-04
7.500000e-01	 1.459741e-04
7.812500e-01	 4.334583e-04
8.125000e-01	 7.042040e-04
8.437500e-01	 9.478455e-04
8.750000e-01	 1.155066e-03
9.062500e-01	 1.317942e-03
9.375000e-01	 1.430254e-03
9.687500e-01	 1.487710e-03
