0.000000e+00	 2.166070e-03
3.125000e-02	 2.083487e-03
6.250000e-02	 1.920924e-03
9.375000e-02	 1.684586e-03
1.250000e-01	 1.383510e-03
1.562500e-01	 1.029220e-03
1.875000e-01	 6.352886e-04
2.187500e-01	 2.168294e-04
2.500000e-01	 -2.100849e-04
2.812500e-01	 -6.290379e-04
3.125000e-01	 -1.023903e-03
3.437500e-01	 -1.379466e-03
3.750000e-01	 -1.682018e-03
4.062500e-01	 -1.919879e-03
4.375000e-01	 -2.083873e-03
4.687500e-01	 -2.167670e-03
5.000000e-01	 -2.168049e-03
5.312500e-01	 -2.084992e-03
5.625000e-01	 -1.921725e-03
5.937500e-01	 -1.684561e-03
6.250000e-01	 -1.382663e-03
6.562500e-01	 -1.027680e-03
6.875000e-01	 -6.332904e-04
7.187500e-01	 -2.146767e-04
7.500000e-01	 2.120643e-04
7.812500e-01	 6.305428e-04
8.125000e-01	 1.024704e-03
8.437500e-01	 1.379442e-03
8.750000e-01	 1.681172e-03
9.062500e-01	 1.918340e-03
9.375000e-01	 2.081875e-03
9.687500e-01	 2.165517e-03
