0.000000e+00	 2.428899e-03
3.125000e-02	 2.336276e-03
6.250000e-02	 2.153960e-03
9.375000e-02	 1.888914e-03
1.250000e-01	 1.551280e-03
1.562500e-01	 1.153983e-03
1.875000e-01	 7.122482e-04
2.187500e-01	 2.430256e-04
2.500000e-01	 -2.356615e-04
2.812500e-01	 -7.054073e-04
3.125000e-01	 -1.148132e-03
3.437500e-01	 -1.546783e-03
3.750000e-01	 -1.885994e-03
4.062500e-01	 -2.152673e-03
4.375000e-01	 -2.336538e-03
4.687500e-01	 -2.430493e-03
5.000000e-01	 -2.430928e-03
5.312500e-01	 -2.337822e-03
5.625000e-01	 -2.154787e-03
5.937500e-01	 -1.888897e-03
6.250000e-01	 -1.550421e-03
6.562500e-01	 -1.152413e-03
6.875000e-01	 -7.102062e-04
7.187500e-01	 -2.408225e-04
7.500000e-01	 2.376904e-04
7.812500e-01	 7.069530e-04
8.125000e-01	 1.148960e-03
8.437500e-01	 1.546766e-03
8.750000e-01	 1.885135e-03
9.062500e-01	 2.151103e-03
9.375000e-01	 2.334496e-03
9.687500e-01	 2.428290e-03
