0.000000e+00	 -2.016141e-03
3.125000e-02	 -1.938891e-03
6.250000e-02	 -1.787047e-03
9.375000e-02	 -1.566483e-03
1.250000e-01	 -1.285722e-03
1.562500e-01	 -9.556016e-04
1.875000e-01	 -5.888432e-04
2.187500e-01	 -1.995678e-04
2.500000e-01	 1.972558e-04
2.812500e-01	 5.863875e-04
3.125000e-01	 9.529000e-04
3.437500e-01	 1.282749e-03
3.750000e-01	 1.563307e-03
4.062500e-01	 1.783831e-03
4.375000e-01	 1.935891e-03
4.687500e-01	 2.013668e-03
5.000000e-01	 2.014188e-03
5.312500e-01	 1.937408e-03
5.625000e-01	 1.786259e-03
5.937500e-01	 1.566511e-03
6.250000e-01	 1.286562e-03
6.562500e-01	 9.571250e-04
6.875000e-01	 5.908183e-04
7.187500e-01	 2.016939e-04
7.500000e-01	 -1.953024e-04
7.812500e-01	 -5.849041e-04
8.125000e-01	 -9.521126e-04
8.437500e-01	 -1.282777e-03
8.750000e-01	 -1.564147e-03
9.062500e-01	 -1.785355e-03
9.375000e-01	 -1.937866e-03
9.687500e-01	 -2.015794e-03
