0.000000e+00	 4.449218e-04
3.125000e-02	 4.281047e-04
6.250000e-02	 3.949126e-04
9.375000e-02	 3.465847e-04
1.250000e-01	 2.849353e-04
1.562500e-01	 2.122907e-04
1.875000e-01	 1.314066e-04
2.187500e-01	 4.536815e-05
2.500000e-01	 -4.252565e-05
2.812500e-01	 -1.288874e-04
3.125000e-01	 -2.103729e-04
3.437500e-01	 -2.838142e-04
3.750000e-01	 -3.463464e-04
4.062500e-01	 -3.955224e-04
4.375000e-01	 -4.294171e-04
4.687500e-01	 -4.467056e-04
5.000000e-01	 -4.467173e-04
5.312500e-01	 -4.294574e-04
5.625000e-01	 -3.956167e-04
5.937500e-01	 -3.465330e-04
6.250000e-01	 -2.841356e-04
6.562500e-01	 -2.108649e-04
6.875000e-01	 -1.295716e-04
7.187500e-01	 -4.340337e-05
7.500000e-01	 4.432109e-05
7.812500e-01	 1.302401e-04
8.125000e-01	 2.110771e-04
8.437500e-01	 2.837625e-04
8.750000e-01	 3.455468e-04
9.062500e-01	 3.940965e-04
9.375000e-01	 4.275821e-04
9.687500e-01	 4.447408e-04
