0.000000e+00	 -2.306596e-03
3.125000e-02	 -2.218243e-03
6.250000e-02	 -2.044558e-03
9.375000e-02	 -1.792254e-03
1.250000e-01	 -1.471078e-03
1.562500e-01	 -1.093419e-03
1.875000e-01	 -6.738285e-04
2.187500e-01	 -2.284571e-04
2.500000e-01	 2.255697e-04
2.812500e-01	 6.708135e-04
3.125000e-01	 1.090191e-03
3.437500e-01	 1.467628e-03
3.750000e-01	 1.788668e-03
4.062500e-01	 2.041015e-03
4.375000e-01	 2.215016e-03
4.687500e-01	 2.304009e-03
5.000000e-01	 2.304592e-03
5.312500e-01	 2.216717e-03
5.625000e-01	 2.043743e-03
5.937500e-01	 1.792275e-03
6.250000e-01	 1.471931e-03
6.562500e-01	 1.094975e-03
6.875000e-01	 6.758491e-04
7.187500e-01	 2.306356e-04
7.500000e-01	 -2.235650e-04
7.812500e-01	 -6.692877e-04
8.125000e-01	 -1.089377e-03
8.437500e-01	 -1.467649e-03
8.750000e-01	 -1.789521e-03
9.062500e-01	 -2.042570e-03
9.375000e-01	 -2.217037e-03
9.687500e-01	 -2.306188e-03
