0.000000e+00	 -2.815836e-03
3.125000e-02	 -2.708014e-03
6.250000e-02	 -2.496035e-03
9.375000e-02	 -2.188082e-03
1.250000e-01	 -1.796045e-03
1.562500e-01	 -1.335038e-03
1.875000e-01	 -8.228175e-04
2.187500e-01	 -2.790959e-04
2.500000e-01	 2.752207e-04
2.812500e-01	 8.188399e-04
3.125000e-01	 1.330899e-03
3.437500e-01	 1.791765e-03
3.750000e-01	 2.183776e-03
4.062500e-01	 2.491911e-03
4.375000e-01	 2.704377e-03
4.687500e-01	 2.813034e-03
5.000000e-01	 2.813725e-03
5.312500e-01	 2.706400e-03
5.625000e-01	 2.495164e-03
5.937500e-01	 2.188087e-03
6.250000e-01	 1.796925e-03
6.562500e-01	 1.336659e-03
6.875000e-01	 8.249328e-04
7.187500e-01	 2.813834e-04
7.500000e-01	 -2.731093e-04
7.812500e-01	 -8.172259e-04
8.125000e-01	 -1.330029e-03
8.437500e-01	 -1.791770e-03
8.750000e-01	 -2.184656e-03
9.062500e-01	 -2.493532e-03
9.375000e-01	 -2.706492e-03
9.687500e-01	 -2.815321e-03
