0.000000e+00	 -1.294745e-03
3.125000e-02	 -1.245071e-03
6.250000e-02	 -1.147470e-03
9.375000e-02	 -1.005731e-03
1.250000e-01	 -8.253464e-04
1.562500e-01	 -6.132911e-04
1.875000e-01	 -3.777499e-04
2.187500e-01	 -1.277993e-04
2.500000e-01	 1.269473e-04
2.812500e-01	 3.767097e-04
3.125000e-01	 6.119154e-04
3.437500e-01	 8.235641e-04
3.750000e-01	 1.003568e-03
4.062500e-01	 1.145049e-03
4.375000e-01	 1.242609e-03
4.687500e-01	 1.292525e-03
5.000000e-01	 1.292889e-03
5.312500e-01	 1.243669e-03
5.625000e-01	 1.146734e-03
5.937500e-01	 1.005774e-03
6.250000e-01	 8.261614e-04
6.562500e-01	 6.147542e-04
6.875000e-01	 3.796384e-04
7.187500e-01	 1.298257e-04
7.500000e-01	 -1.250915e-04
7.812500e-01	 -3.753071e-04
8.125000e-01	 -6.111794e-04
8.437500e-01	 -8.236069e-04
8.750000e-01	 -1.004383e-03
9.062500e-01	 -1.146512e-03
9.375000e-01	 -1.244498e-03
9.687500e-01	 -1.294551e-03
