0.000000e+00	 -6.661940e-04
3.125000e-02	 -6.405454e-04
6.250000e-02	 -5.902036e-04
9.375000e-02	 -5.171408e-04
1.250000e-01	 -4.242080e-04
1.562500e-01	 -3.150192e-04
1.875000e-01	 -1.938056e-04
2.187500e-01	 -6.524901e-05
2.500000e-01	 6.570277e-05
2.812500e-01	 1.940269e-04
3.125000e-01	 3.148170e-04
3.437500e-01	 4.234689e-04
3.750000e-01	 5.158509e-04
4.062500e-01	 5.884534e-04
4.375000e-01	 6.385230e-04
4.687500e-01	 6.641600e-04
5.000000e-01	 6.643886e-04
5.312500e-01	 6.391844e-04
5.625000e-01	 5.894942e-04
5.937500e-01	 5.171910e-04
6.250000e-01	 4.250101e-04
6.562500e-01	 3.164513e-04
6.875000e-01	 1.956494e-04
7.187500e-01	 6.722397e-05
7.500000e-01	 -6.389735e-05
7.812500e-01	 -1.926659e-04
8.125000e-01	 -3.141076e-04
8.437500e-01	 -4.235191e-04
8.750000e-01	 -5.166531e-04
9.062500e-01	 -5.898854e-04
9.375000e-01	 -6.403668e-04
9.687500e-01	 -6.661349e-04
