0.000000e+00	 -2.711429e-03
3.125000e-02	 -2.607599e-03
6.250000e-02	 -2.403471e-03
9.375000e-02	 -2.106928e-03
1.250000e-01	 -1.729419e-03
1.562500e-01	 -1.285501e-03
1.875000e-01	 -7.922723e-04
2.187500e-01	 -2.687149e-04
2.500000e-01	 2.650400e-04
2.812500e-01	 7.884900e-04
3.125000e-01	 1.281548e-03
3.437500e-01	 1.725309e-03
3.750000e-01	 2.102770e-03
4.062500e-01	 2.399467e-03
4.375000e-01	 2.604047e-03
4.687500e-01	 2.708673e-03
5.000000e-01	 2.709341e-03
5.312500e-01	 2.606005e-03
5.625000e-01	 2.402613e-03
5.937500e-01	 2.106937e-03
6.250000e-01	 1.730293e-03
6.562500e-01	 1.287108e-03
6.875000e-01	 7.943666e-04
7.187500e-01	 2.709782e-04
7.500000e-01	 -2.629522e-04
7.812500e-01	 -7.868956e-04
8.125000e-01	 -1.280690e-03
8.437500e-01	 -1.725317e-03
8.750000e-01	 -2.103644e-03
9.062500e-01	 -2.401073e-03
9.375000e-01	 -2.606142e-03
9.687500e-01	 -2.710936e-03
