0.000000e+00	 -8.936528e-07
3.125000e-02	 -6.730226e-07
6.250000e-02	 -3.499299e-07
9.375000e-02	 2.643717e-08
1.250000e-01	 3.987789e-07
1.562500e-01	 7.104103e-07
1.875000e-01	 9.138879e-07
2.187500e-01	 9.782347e-07
2.500000e-01	 8.936539e-07
2.812500e-01	 6.730225e-07
3.125000e-01	 3.499293e-07
3.437500e-01	 -2.643761e-08
3.750000e-01	 -3.987798e-07
4.062500e-01	 -7.104094e-07
4.375000e-01	 -9.138891e-07
4.687500e-01	 -9.782334e-07
5.000000e-01	 -8.936528e-07
5.312500e-01	 -6.730226e-07
5.625000e-01	 -3.499299e-07
5.937500e-01	 2.643717e-08
6.250000e-01	 3.987789e-07
6.562500e-01	 7.104103e-07
6.875000e-01	 9.138879e-07
7.187500e-01	 9.782347e-07
7.500000e-01	 8.936539e-07
7.812500e-01	 6.730225e-07
8.125000e-01	 3.499293e-07
8.437500e-01	 -2.643761e-08
8.750000e-01	 -3.987798e-07
9.062500e-01	 -7.104094e-07
9.375000e-01	 -9.138891e-07
9.687500e-01	 -9.782334e-07
